ITS2 type profile UID		87732	87130	87822	87733	87823	87435	87129	87388	87257	87429	87198	87209	87517	87918	87617	87549	87936	87537	87540
Clade		C	C	C	C	C	C	C	C	C	C	C	C	C	D	D	D	D	D	D
Majority ITS2 sequence		C31/C17d	C31	C31	C17d/C31	C31/C17d	C31/C17d	C31/C17d	C31/C17d	C3/C1	C21	C21	C3	C21ac	D1/D4	D4/D1/D6	D4/D1/D6	D1	D1	D4
Associated species		None	None	None	None	None	None	None	None	S. goreaui	None	None	None	None	S. glynnii,S. trenchii	S. glynnii,S. trenchii	S. glynnii,S. trenchii	S. glynnii,S. trenchii	S. trenchii	S. glynnii,S. trenchii
ITS2 profile abundance local		155	48	29	28	15	6	6	6	3	2	2	2	1	180	16	6	1	1	1
ITS2 profile abundance DB		168	97	29	52	25	27	23	28	155	48	37	49	4	184	135	76	34	48	46
ITS2 type profile		C31/C17d-C21-C21ac-C31a-C17e-C31.9-C17f	C31-C17d-C31.1-C31a-C21-C17e-C21ac	C31-C17d-C21-C31.9-C21ac-C17e-C31h-C31a	C17d/C31-C21-C21ac-C17e-C17f-C31.9	C31/C17d-C21-C31.9-C31h-C31i-C21ac	C31/C17d	C31/C17d-C21-C21ac	C31/C17d-C21-C21ac-C31.9	C1/C3	C21/C3	C21	C3	C21ac	D1/D4-D6-D1ab-D3h-D4d	D4/D1/D6-D1ab-D3h	D1/D4/D6/D1ab	D4/D1-D6-D1ab-D17d-D17j-D3h	D1/D4	D1/D4/D6
112496	T16	0	0	0	0	0	0	0	0	0	0	0	0	0	6683.0	0	0	0	0	0
112232	C9	0	0	0	0	0	0	0	0	0	0	0	0	0	21133.0	0	0	0	0	0
112417	O2	0	0	0	0	0	0	0	0	0	0	0	0	0	26737.0	0	0	0	0	0
112497	T2	0	0	0	0	0	0	0	0	0	0	0	0	0	17780.0	0	0	0	0	0
112218	C10	0	0	0	0	0	0	0	0	0	0	0	0	0	27635.0	0	0	0	0	0
112410	O10	0	0	0	0	0	0	0	0	0	0	0	0	0	5804.0	0	0	0	0	0
112268	F12	0	0	0	0	0	0	0	0	0	0	0	0	0	19532.0	0	0	0	0	0
112242	D3	0	0	0	0	0	0	0	0	0	0	0	0	0	23168.0	0	0	0	0	0
112420	O5	0	0	0	0	0	0	0	0	0	0	0	0	0	23719.0	0	0	0	0	0
112411	O11	0	0	0	0	0	0	0	0	0	0	0	0	0	21069.0	0	0	0	0	0
112409	O1	0	0	0	0	0	0	0	0	0	0	0	0	0	40565.0	0	0	0	0	0
112414	O14	0	0	0	0	0	0	0	0	0	0	0	0	0	30228.0	0	0	0	0	0
112422	O7	0	0	0	0	0	0	0	0	0	0	0	0	0	24411.0	0	0	0	0	0
112503	T8	0	0	0	0	0	0	0	0	0	0	0	0	0	18669.0	0	0	0	0	0
112237	D13	0	0	0	0	0	0	0	0	0	0	0	0	0	25258.0	0	0	0	0	0
112412	O12	0	0	0	0	0	0	0	0	0	0	0	0	0	29939.0	0	0	0	0	0
112270	F14	0	0	0	0	0	0	0	0	0	0	0	0	0	16075.0	0	0	0	0	0
112314	I12	0	0	0	0	0	0	0	0	0	0	0	0	0	20603.0	0	0	0	0	0
112492	T12	0	0	0	0	0	0	0	0	0	0	0	0	0	12894.0	0	0	0	0	0
112500	T5	0	0	0	0	0	0	0	0	0	0	0	0	0	17146.0	0	0	0	0	0
112271	F15	0	0	0	0	0	0	0	0	0	0	0	0	0	16956.0	0	0	0	0	0
112326	I9	0	0	0	0	0	0	0	0	0	0	0	0	0	14111.0	0	0	0	0	0
112490	T10	0	0	0	0	0	0	0	0	0	0	0	0	0	11279.0	0	0	0	0	0
112235	D11	0	0	0	0	0	0	0	0	0	0	0	0	0	21923.0	0	0	0	0	0
112312	I10	0	0	0	0	0	0	0	0	0	0	0	0	0	32720.0	0	0	0	0	0
112265	F1	0	0	0	0	0	0	0	0	0	0	0	0	0	23142.0	0	0	0	0	0
112489	T1	0	0	0	0	0	0	0	0	0	0	0	0	0	19548.0	0	0	0	0	0
112220	C12	0	0	0	0	0	0	0	0	0	0	0	0	0	12539.0	0	0	0	0	0
112491	T11	0	0	0	0	0	0	0	0	0	0	0	0	0	14685.0	0	0	0	0	0
112499	T4	0	0	0	0	0	0	0	0	0	0	0	0	0	21300.0	0	0	0	0	0
112273	F2	0	0	0	0	0	0	0	0	0	0	0	0	0	21515.0	0	0	0	0	0
112321	I4	0	0	0	0	0	0	0	0	0	0	0	0	0	14310.0	0	0	0	0	0
112277	F6	0	0	0	0	0	0	0	0	0	0	0	0	0	3678.0	0	0	0	0	0
112276	F5	0	0	0	0	0	0	0	0	0	0	0	0	0	9402.0	0	0	0	0	0
112226	C3	0	0	0	0	0	0	0	0	0	0	0	0	0	14341.0	0	0	0	0	0
112266	F10	0	0	0	0	0	0	0	0	0	0	0	0	0	11897.0	0	0	0	0	0
112238	D14	0	0	0	0	0	0	0	0	0	0	0	0	0	26897.0	0	0	0	0	0
112501	T6	0	0	0	0	0	0	0	0	0	0	0	0	0	12167.0	0	0	0	0	0
112269	F13	0	0	0	0	0	0	0	0	0	0	0	0	0	21939.0	0	0	0	0	0
112419	O4	0	0	0	0	0	0	0	0	0	0	0	0	0	28356.0	0	0	0	0	0
112240	D16	0	0	0	0	0	0	0	0	0	0	0	0	0	20433.0	0	0	0	0	0
112248	D9	0	0	0	0	0	0	0	0	0	0	0	0	0	25347.0	0	0	0	0	0
112502	T7	0	0	0	0	0	0	0	0	0	0	0	0	0	18284.0	0	0	0	0	0
112504	T9	0	0	0	0	0	0	0	0	0	0	0	0	0	19029.0	0	0	0	0	0
112243	D4	0	0	0	0	0	0	0	0	0	0	0	0	0	18533.0	0	0	0	0	0
112274	F3	0	0	0	0	0	0	0	0	0	0	0	0	0	27478.0	0	0	0	0	0
112280	F9	0	0	0	0	0	0	0	0	0	0	0	0	0	22997.0	0	0	0	0	0
112424	O9	0	0	0	0	0	0	0	0	0	0	0	0	0	29998.0	0	0	0	0	0
112315	I13	0	0	0	0	0	0	0	0	0	0	0	0	0	21835.0	0	0	0	0	0
112227	C4	0	0	0	0	0	0	0	0	0	0	0	0	0	10114.0	0	0	0	0	0
112221	C13	0	0	0	0	0	0	0	0	0	0	0	0	0	14376.0	0	0	0	0	0
112223	C15	0	0	0	0	0	0	0	0	0	0	0	0	0	11721.0	0	0	0	0	0
112246	D7	0	0	0	0	0	0	0	0	0	0	0	0	0	24888.0	0	0	0	0	0
112416	O16	0	0	0	0	0	0	0	0	0	0	0	0	0	26358.0	0	0	0	0	0
112279	F8	0	0	0	0	0	0	0	0	0	0	0	0	0	27867.0	0	0	0	0	0
112320	I3	0	0	0	0	0	0	0	0	0	0	0	0	0	18066.0	0	0	0	0	0
112275	F4	0	0	0	0	0	0	0	0	0	0	0	0	0	23441.0	0	0	0	0	0
112234	D10	0	0	0	0	0	0	0	0	0	0	0	0	0	28444.0	0	0	0	0	0
112245	D6	0	0	0	0	0	0	0	0	0	0	0	0	0	27582.0	0	0	0	0	0
112493	T13	0	0	0	0	0	0	0	0	0	0	0	0	0	13578.0	0	0	0	0	0
112421	O6	0	0	0	0	0	0	0	0	0	0	0	0	0	36973.0	0	0	0	0	0
112239	D15	0	0	0	0	0	0	0	0	0	0	0	0	0	27463.0	0	0	0	0	0
112241	D2	0	0	0	0	0	0	0	0	0	0	0	0	0	19545.0	0	0	0	0	0
112244	D5	0	0	0	0	0	0	0	0	0	0	0	0	0	20602.0	0	0	0	0	0
112415	O15	0	0	0	0	0	0	0	0	0	0	0	0	0	35549.0	0	0	0	0	0
112225	C2	0	0	0	0	0	0	0	0	0	0	0	0	0	15609.0	0	0	0	0	0
112233	D1	0	0	0	0	0	0	0	0	0	0	0	0	0	19215.0	0	0	0	0	0
112323	I6	0	0	0	0	0	0	0	0	0	0	0	0	0	19233.0	0	0	0	0	0
112230	C7	0	0	0	0	0	0	0	0	0	0	0	0	0	7516.0	0	0	0	0	0
112236	D12	0	0	0	0	0	0	0	0	0	0	0	0	0	20378.0	0	0	0	0	0
112418	O3	0	0	0	0	0	0	0	0	0	0	0	0	0	21022.0	0	0	0	0	0
112317	I15	0	0	0	0	0	0	0	0	0	0	0	0	0	10130.0	0	0	0	0	0
112217	C1	0	0	0	0	0	0	0	0	0	0	0	0	0	14284.0	0	0	0	0	0
112267	F11	0	0	0	0	0	0	0	0	0	0	0	0	0	7445.0	0	0	0	0	0
112325	I8	0	0	0	0	0	0	0	0	0	0	0	0	0	18891.0	0	0	0	0	0
112224	C16	0	0	0	0	0	0	0	0	0	0	0	0	0	22992.0	0	0	0	0	0
112247	D8	0	0	0	0	0	0	143.0	0	0	0	0	0	0	31171.0	0	0	0	0	0
112316	I14	0	0	0	0	0	0	0	0	0	0	0	0	0	9319.0	0	0	0	0	0
112423	O8	0	0	0	0	0	0	0	0	0	0	0	0	0	22697.0	0	0	0	0	0
112231	C8	0	0	0	0	0	0	0	0	0	0	0	0	0	10515.0	0	0	0	0	0
112413	O13	0	0	0	0	0	0	0	0	0	0	0	0	0	16729.0	0	0	0	0	0
112313	I11	0	0	0	0	0	0	0	0	0	0	0	0	0	19463.0	0	0	0	0	0
112398	N16	0	0	0	0	256.0	0	0	0	0	0	0	17.0	0	36256.0	0	0	0	0	0
112272	F16	0	0	0	0	0	0	0	0	0	0	0	0	0	5313.0	0	0	0	0	0
112322	I5	0	0	0	0	0	207.0	0	0	0	0	30.0	0	0	21128.0	0	0	0	0	0
112219	C11	0	0	0	0	0	0	0	0	0	0	0	0	0	4149.0	0	0	0	0	0
112498	T3	0	0	0	0	0	0	0	0	0	0	0	0	0	4471.0	0	0	0	0	0
112278	F7	0	0	0	0	0	0	0	0	0	0	0	0	0	3569.0	0	0	0	0	0
112311	I1	0	0	0	432.0	0	0	0	0	0	0	0	0	0	19791.0	0	0	0	0	0
112228	C5	0	0	0	0	0	0	0	0	0	0	0	0	0	5628.0	0	0	0	0	0
112229	C6	0	0	0	0	0	0	0	205.0	0	0	0	0	0	10442.0	0	0	0	0	0
112324	I7	0	0	0	0	0	0	0	0	0	0	0	0	0	7758.0	0	0	0	0	0
112319	I2	0	0	0	1062.0	0	0	0	0	22.0	0	0	0	0	24630.0	0	0	0	0	0
112318	I16	0	0	0	0	0	0	346.0	0	0	0	0	0	0	8792.0	0	0	0	0	0
112562	X3	0	0	0	0	0	0	3583.0	0	0	0	0	0	0	44375.0	0	0	0	0	0
112538	W10	3511.0	0	0	0	0	0	0	0	0	0	0	0	0	24093.0	0	0	0	0	0
112290	G4	0	0	0	0	0	0	0	737.0	0	0	0	0	0	4475.0	0	0	0	0	0
112552	W9	4870.0	0	0	0	0	0	0	0	0	0	0	0	0	27473.0	0	0	0	0	0
112567	X8	9657.0	0	0	0	0	0	0	0	0	0	0	0	0	43466.0	0	0	0	0	0
112557	X13	0	0	0	5159.0	0	0	0	0	0	0	0	0	0	23804.0	0	0	0	0	0
112556	X12	5373.0	0	0	0	0	0	0	0	0	0	0	0	0	22953.0	0	0	0	0	0
112566	X7	3381.0	0	0	0	0	0	0	0	0	0	0	0	0	16086.0	0	0	0	0	0
112540	W12	7026.0	0	0	0	0	0	0	0	0	0	0	0	0	30289.0	0	0	0	0	0
112563	X4	7450.0	0	0	0	0	0	0	0	0	0	0	0	0	27560.0	0	0	0	0	0
112568	X9	6426.0	0	0	0	0	0	0	0	0	0	0	0	0	23916.0	0	0	0	0	0
112294	G9	0	0	0	0	0	0	0	1065.0	11.0	0	0	0	0	4564.0	0	0	0	0	0
112555	X11	6288.0	0	0	0	0	0	0	0	0	0	0	0	0	23916.0	0	0	0	0	0
112284	G13	0	0	0	1589.0	0	0	0	0	0	0	0	0	0	5969.0	0	0	0	0	0
112285	G14	0	0	0	819.0	0	0	0	0	0	0	0	0	0	3489.0	0	0	0	0	0
112291	G6	0	0	0	1159.0	0	0	0	0	0	0	0	0	0	4120.0	0	0	0	0	0
112541	W13	8421.0	0	0	0	0	0	0	0	0	0	0	0	0	28912.0	0	0	0	0	0
112565	X6	8050.0	0	0	0	0	0	0	0	0	0	0	0	0	25737.0	0	0	0	0	0
112537	W1	7135.0	0	0	0	0	0	0	0	0	0	0	0	0	22566.0	0	0	0	0	0
112283	G12	4746.0	0	0	0	0	0	0	0	0	0	0	0	0	13880.0	0	0	0	0	0
112561	X2	0	0	0	10094.0	0	0	0	0	0	0	0	0	0	28413.0	0	0	0	0	0
112558	X14	10061.0	0	0	0	0	0	0	0	0	0	0	0	0	27994.0	0	0	0	0	0
112554	X10	0	0	0	7034.0	0	0	0	0	0	0	0	0	0	19105.0	0	0	0	0	0
112560	X16	9272.0	0	0	0	0	0	0	0	0	0	0	0	0	23785.0	0	0	0	0	0
112553	X1	0	0	0	12241.0	0	0	0	0	0	0	0	0	0	29708.0	0	0	0	0	0
112564	X5	0	0	0	10806.0	0	0	0	0	0	0	0	0	0	26360.0	0	0	0	0	0
112200	A9	10502.0	0	0	0	0	0	0	0	0	0	0	0	0	24372.0	0	0	0	0	0
112185	A1	11059.0	0	0	0	0	0	0	0	0	0	0	0	0	24240.0	0	0	0	0	0
112559	X15	10866.0	0	0	0	0	0	0	0	0	0	0	0	0	23161.0	0	0	0	0	0
112545	W2	7439.0	0	0	0	0	0	0	0	0	0	0	0	0	14259.0	0	0	0	0	0
112288	G2	3951.0	0	0	0	0	0	0	0	0	0	0	0	0	7047.0	0	0	0	0	0
112195	A4	11305.0	0	0	0	0	0	0	0	0	0	0	0	0	16299.0	0	0	0	0	0
112521	V1	0	12440.0	0	0	0	0	0	0	0	0	0	0	0	18054.0	0	0	0	0	0
112529	V2	0	9328.0	0	0	0	0	0	0	0	0	0	0	0	13913.0	0	0	0	0	0
112188	A12	16068.0	0	0	0	0	0	0	0	0	0	0	0	0	21033.0	0	0	0	0	0
112287	G16	0	0	0	4384.0	0	0	0	0	0	0	0	0	0	5944.0	0	0	0	0	0
112263	E8	18207.0	0	0	0	0	0	0	0	0	0	0	0	0	0	0	0	0	0	0
112487	S8	8956.0	0	0	0	0	0	0	0	0	0	0	0	0	0	0	0	0	0	0
112254	E14	28524.0	0	0	0	0	0	0	0	0	0	0	0	0	0	0	0	0	0	0
112357	K8	17405.0	0	0	0	0	0	0	0	0	0	0	0	0	0	0	0	0	0	0
112448	Q16	16761.0	0	0	0	0	0	0	0	0	0	0	0	0	0	0	0	0	0	0
112475	S11	5471.0	0	0	0	0	0	0	0	0	0	0	0	0	0	0	0	0	0	0
112486	S7	6531.0	0	0	0	0	0	0	0	0	0	0	0	0	0	0	0	0	0	0
112264	E9	24277.0	0	0	0	0	0	0	0	0	0	0	0	0	0	0	0	0	0	0
112249	E1	21567.0	0	0	0	0	0	0	0	0	0	0	0	0	0	0	0	0	0	0
112259	E4	20389.0	0	0	0	0	0	0	0	0	0	0	0	0	0	0	0	0	0	0
112250	E10	16004.0	0	0	0	0	0	0	0	0	0	0	0	0	0	0	0	0	0	0
112488	S9	17185.0	0	0	0	0	0	0	0	0	0	0	0	0	0	0	0	0	0	0
112473	S1	14569.0	0	0	0	0	0	0	0	0	0	0	0	0	0	0	0	0	0	0
112258	E3	19906.0	0	0	0	0	0	0	0	0	0	0	0	0	0	0	0	0	0	0
112451	Q4	18243.0	0	0	0	0	0	0	0	0	0	0	0	0	0	0	0	0	0	0
112478	S14	3152.0	0	0	0	0	0	0	0	0	0	0	0	0	0	0	0	0	0	0
112341	J8	11970.0	0	0	0	0	0	0	0	0	0	0	0	0	0	0	0	0	0	0
112260	E5	26585.0	0	0	0	0	0	0	0	0	0	0	0	0	0	0	0	0	0	0
112255	E15	27962.0	0	0	0	0	0	0	0	0	0	0	0	0	0	0	0	0	0	0
112262	E7	20361.0	0	0	0	0	0	0	0	0	0	0	0	0	0	0	0	0	0	0
112447	Q15	17912.0	0	0	0	0	0	0	0	0	0	0	0	0	0	0	0	0	0	0
112261	E6	14122.0	0	0	0	0	0	0	0	0	0	0	0	0	0	0	0	0	0	0
112252	E12	24779.0	0	0	0	0	0	0	0	0	0	0	0	0	0	0	0	0	0	0
112474	S10	10053.0	0	0	0	0	0	0	0	0	0	0	0	0	0	0	0	0	0	0
112253	E13	24729.0	0	0	0	0	0	0	0	0	0	0	0	0	0	0	0	0	0	0
112442	Q10	8397.0	0	0	0	0	0	0	0	0	0	0	0	0	0	0	0	0	0	0
112482	S3	11179.0	0	0	0	0	0	0	0	0	0	0	0	0	0	0	0	0	0	0
112484	S5	8478.0	0	0	0	0	0	0	0	0	0	0	0	0	0	0	0	0	0	0
112337	J4	12543.0	0	0	0	0	0	0	0	0	0	0	0	0	0	0	0	0	0	0
112257	E2	23470.0	0	0	0	0	0	0	0	0	0	0	0	0	0	0	0	0	0	0
112456	Q9	18126.0	0	0	0	0	0	0	0	0	0	0	0	0	0	0	0	0	0	0
112483	S4	12744.0	0	0	0	0	0	0	0	0	0	0	0	0	0	0	0	0	0	0
112477	S13	13557.0	0	0	0	0	0	0	0	0	0	0	0	0	0	0	0	0	0	0
112251	E11	23047.0	0	0	0	0	0	0	0	0	0	0	0	0	0	0	0	0	0	0
112480	S16	10893.0	0	0	0	0	0	0	0	0	0	0	0	0	0	0	0	0	0	0
112444	Q12	6746.0	0	0	0	0	0	0	0	0	0	0	0	0	0	0	0	0	0	0
112336	J3	23198.0	0	0	0	0	0	0	0	0	0	0	0	0	0	0	0	0	0	0
112479	S15	12723.0	0	0	0	0	0	0	0	0	0	0	0	0	0	0	0	0	0	0
112452	Q5	13934.0	0	0	0	0	0	0	0	0	0	0	0	0	0	0	0	0	0	0
112297	H11	13099.0	0	0	0	0	0	0	0	0	0	0	0	0	0	0	0	0	0	0
112450	Q3	8984.0	0	0	0	0	0	0	0	0	0	0	0	0	0	0	0	0	0	0
112481	S2	12404.0	0	0	0	0	0	0	0	0	0	0	0	0	0	0	0	0	0	0
112454	Q7	15699.0	0	0	0	0	0	0	0	0	0	0	0	0	0	0	245.0	0	0	0
112347	K13	15760.0	0	0	0	0	0	0	0	0	0	0	0	0	0	0	0	0	0	0
112335	J2	30567.0	0	0	0	0	0	0	0	0	0	0	0	0	0	0	0	0	0	0
112333	J15	25674.0	0	0	0	0	0	0	0	0	0	0	0	0	0	0	0	0	0	0
112334	J16	21953.0	0	0	0	0	0	0	0	0	0	0	0	0	0	0	0	0	0	0
112256	E16	25094.0	0	0	0	0	0	0	0	0	0	0	0	0	0	0	0	0	0	0
112340	J7	21778.0	0	0	0	0	0	0	0	0	0	0	0	0	0	0	0	0	0	0
112301	H15	8105.0	0	0	0	0	0	0	0	0	0	0	0	0	0	0	0	0	0	0
112348	K14	15189.0	0	0	0	0	0	0	0	0	0	0	0	0	0	0	0	0	0	0
112295	H1	20314.0	0	0	0	0	0	0	0	0	0	0	0	0	0	0	0	0	0	0
112327	J1	33295.0	0	0	0	0	0	0	0	0	0	0	0	0	0	0	0	0	0	0
112349	K15	16128.0	0	0	0	0	0	0	0	0	0	0	0	0	0	540.0	0	0	0	0
112446	Q14	8566.0	0	0	0	0	0	0	0	0	0	0	0	0	0	0	0	0	0	0
112350	K16	9364.0	0	0	0	0	0	0	0	0	0	0	0	0	0	317.0	0	0	0	0
112380	M14	25688.0	0	0	0	0	0	0	0	0	0	0	0	0	0	0	0	0	0	0
112303	H2	18445.0	0	0	0	0	0	0	0	0	0	0	0	0	0	0	0	0	0	0
112310	H9	16897.0	0	0	0	0	0	0	0	0	0	0	0	0	0	0	0	0	0	0
112302	H16	12692.0	0	0	0	0	0	0	0	0	0	0	0	0	0	0	0	0	0	0
112300	H14	12815.0	0	0	0	0	0	0	0	0	0	0	0	0	0	0	0	0	0	0
112329	J11	27694.0	0	0	0	0	0	0	0	0	0	0	0	0	0	0	0	0	0	0
112381	M15	28123.0	0	0	0	0	0	0	0	0	0	0	0	0	0	0	0	0	0	0
112389	M8	30894.0	0	0	0	0	0	0	0	0	0	0	0	0	0	0	0	0	0	0
112331	J13	18516.0	0	0	0	0	0	0	0	0	0	0	0	0	0	0	0	0	0	0
112377	M11	27830.0	0	0	0	0	0	0	0	0	0	0	0	0	0	0	0	0	0	0
112382	M16	26601.0	0	0	0	0	0	0	0	0	0	0	0	0	0	0	0	0	0	0
112299	H13	15948.0	0	0	0	0	0	0	0	0	0	0	0	0	0	0	0	0	0	0
112328	J10	33916.0	0	0	0	0	0	0	0	0	0	0	0	0	0	0	0	0	0	0
112383	M2	24291.0	0	0	0	0	0	0	0	0	0	0	0	0	0	0	0	0	0	0
112386	M5	26969.0	0	0	0	0	0	0	0	0	0	0	0	0	0	0	0	0	0	0
112455	Q8	2850.0	0	0	0	0	0	0	0	0	0	0	0	0	0	0	0	0	0	0
112385	M4	27610.0	0	0	0	0	0	0	0	0	0	0	0	0	0	0	0	0	0	0
112388	M7	29437.0	0	0	0	0	0	0	0	0	0	0	0	0	0	0	0	0	0	0
112379	M13	25976.0	0	0	0	0	0	0	0	0	0	0	0	0	0	0	0	0	0	0
112309	H8	11981.0	0	0	0	0	0	0	0	0	0	0	0	0	0	251.0	0	0	0	0
112338	J5	21949.0	0	0	0	0	0	0	0	0	0	0	0	0	0	0	0	0	0	0
112330	J12	11829.0	0	0	0	0	0	0	0	0	0	0	0	0	0	0	0	0	0	0
112306	H5	15272.0	0	0	0	0	0	0	0	0	0	0	0	0	0	0	0	0	0	0
112445	Q13	7321.0	0	0	0	0	0	0	0	0	0	0	0	0	0	0	0	0	0	0
112376	M10	23179.0	0	0	0	0	0	0	0	0	0	0	0	0	0	0	0	0	0	0
112345	K11	19142.0	0	0	0	0	0	0	0	0	0	0	0	0	0	0	0	1099.0	0	0
112344	K10	25898.0	0	0	0	0	0	0	0	0	0	0	0	0	1731.0	0	0	0	0	0
112202	B10	24641.0	0	0	0	0	0	0	0	0	0	0	0	0	0	0	0	0	0	0
112352	K3	11103.0	0	0	0	0	0	0	0	0	0	0	0	0	880.0	0	0	0	0	0
112216	B9	10893.0	0	0	0	0	0	0	0	0	0	0	0	0	0	0	0	0	0	0
112214	B7	7371.0	0	0	0	0	0	0	0	0	0	0	0	0	0	0	0	0	0	0
112356	K7	11349.0	0	0	0	0	0	0	0	0	0	0	0	0	1092.0	0	0	0	0	0
112449	Q2	8053.0	0	0	0	0	0	0	0	0	0	0	0	0	0	773.0	0	0	0	0
112465	R2	5831.0	0	0	0	0	0	0	0	0	0	0	0	0	0	0	0	0	0	0
112467	R4	19428.0	0	0	0	0	0	0	0	0	0	0	0	0	0	0	0	0	0	0
112346	K12	15318.0	0	0	0	0	0	0	0	0	0	0	0	0	1756.0	0	0	0	0	0
112472	R9	20012.0	0	0	0	0	0	0	0	0	0	0	0	0	0	0	0	0	0	0
112457	R1	20327.0	0	0	0	0	0	0	0	0	0	0	0	0	0	0	0	0	0	0
112459	R11	10972.0	0	0	0	0	0	0	0	0	0	0	0	0	0	0	0	0	0	0
112458	R10	11417.0	0	0	0	0	0	0	0	0	0	0	0	0	0	0	0	0	0	0
112462	R14	7079.0	0	0	0	0	0	0	0	0	0	0	0	0	0	0	0	0	0	0
112366	L16	17390.0	0	0	0	0	0	0	0	0	0	0	0	0	0	0	0	0	0	0
112460	R12	14996.0	0	0	0	0	0	0	0	0	0	0	0	0	0	0	0	0	0	0
112461	R13	8212.0	0	0	0	0	0	0	0	0	0	0	0	0	0	0	0	0	0	0
112466	R3	16569.0	0	0	0	0	0	0	0	0	0	0	0	0	0	0	0	0	0	0
112354	K5	6533.0	0	0	0	0	0	0	0	0	0	0	0	0	0	0	821.0	0	0	0
112551	W8	21401.0	0	0	0	0	0	0	0	0	0	0	0	0	1749.0	0	0	0	0	0
112373	L8	14930.0	0	0	0	0	0	0	0	0	0	0	0	0	0	0	0	0	0	0
112189	A13	16318.0	0	0	0	0	0	0	0	0	0	0	0	0	3938.0	0	0	0	0	0
112198	A7	19659.0	0	0	0	0	0	0	0	0	0	0	0	0	5519.0	0	0	0	0	0
112355	K6	10240.0	0	0	0	0	0	0	0	0	0	0	0	0	2968.0	0	0	0	0	0
112196	A5	18998.0	0	0	0	0	0	0	0	0	0	0	0	0	6400.0	0	0	0	0	0
112550	W7	15259.0	0	0	0	0	0	0	0	0	0	0	0	0	3685.0	0	0	0	0	0
112351	K2	20637.0	0	0	0	0	0	0	0	0	0	0	0	0	8115.0	0	0	0	0	0
112543	W15	24083.0	0	0	0	0	0	0	0	0	0	0	0	0	6776.0	0	0	0	0	0
112548	W5	19952.0	0	0	0	0	0	0	0	0	0	0	0	0	6755.0	0	0	0	0	0
112549	W6	11635.0	0	0	0	0	0	0	0	0	0	0	0	0	4981.0	0	0	0	0	0
112353	K4	22020.0	0	0	0	0	0	0	0	0	0	0	0	0	11267.0	0	0	0	0	0
112199	A8	19141.0	0	0	0	0	0	0	0	0	0	0	0	0	9872.0	0	0	0	0	0
112343	K1	10693.0	0	0	0	0	0	0	0	0	0	0	0	0	5782.0	0	0	0	0	0
112192	A16	24919.0	0	0	0	0	0	0	0	0	0	0	0	0	15017.0	0	0	0	0	0
112544	W16	12739.0	0	0	0	0	0	0	0	0	0	0	0	0	7006.0	0	0	0	0	0
112441	Q1	8917.0	0	0	0	0	0	0	0	0	0	0	0	0	5594.0	0	0	0	0	0
112186	A10	18806.0	0	0	0	0	0	0	0	0	0	0	0	0	13260.0	0	0	0	0	0
112194	A3	17743.0	0	0	0	0	0	0	0	0	0	0	0	0	12642.0	0	0	0	0	0
112191	A15	19109.0	0	0	0	0	0	0	0	0	0	0	0	0	14202.0	0	0	0	0	0
112358	K9	17191.0	0	0	0	0	0	0	0	0	0	0	0	0	13049.0	0	0	0	0	0
112289	G3	4493.0	0	0	0	0	0	0	0	0	0	0	0	0	3185.0	0	0	0	0	0
112282	G11	6494.0	0	0	0	0	0	0	0	0	0	0	0	0	5634.0	0	0	0	0	0
112547	W4	12497.0	0	0	0	0	0	0	0	0	0	0	0	0	9730.0	0	0	0	0	0
112187	A11	14183.0	0	0	0	0	0	0	0	0	0	0	0	0	12887.0	0	0	0	0	0
112190	A14	15542.0	0	0	0	0	0	0	0	0	0	0	0	0	15338.0	0	0	0	0	0
112546	W3	8553.0	0	0	0	0	0	0	0	0	0	0	0	0	8114.0	0	0	0	0	0
112539	W11	13731.0	0	0	0	0	0	0	0	0	0	0	0	0	12762.0	0	0	0	0	0
112542	W14	7082.0	0	0	0	0	0	0	0	0	0	0	0	0	0	6920.0	0	0	0	0
112197	A6	7960.0	0	0	0	0	0	0	0	0	0	0	0	0	0	0	7978.0	0	0	0
112426	P10	0	9912.0	0	0	0	0	0	0	0	0	0	0	0	0	0	0	0	0	0
112431	P15	0	13283.0	0	0	0	0	0	0	0	0	0	0	0	0	0	0	0	0	0
112433	P2	0	19330.0	0	0	0	0	0	0	0	0	0	0	0	0	0	0	0	0	0
112427	P11	0	14478.0	0	0	0	0	0	0	0	0	0	0	0	0	0	0	0	0	0
112536	V9	0	29434.0	0	0	0	0	0	0	0	0	0	0	0	0	0	0	0	0	0
112436	P5	0	26596.0	0	0	0	0	0	0	0	0	0	0	0	0	0	0	0	0	0
112432	P16	0	27584.0	0	0	0	0	0	0	0	0	0	0	0	0	0	0	0	0	0
112434	P3	0	18253.0	0	0	0	0	0	0	0	0	0	0	0	0	0	0	0	0	0
112429	P13	0	14744.0	0	0	0	0	0	0	0	0	0	0	0	0	0	0	0	0	0
112435	P4	0	17322.0	0	0	0	0	0	0	0	0	0	0	0	0	0	0	0	0	0
112440	P9	0	22516.0	0	0	0	0	0	0	0	0	0	0	0	0	0	0	0	0	0
112511	U15	0	12593.0	0	0	0	0	0	0	0	0	0	0	0	0	599.0	0	0	0	0
112438	P7	0	16338.0	0	0	0	0	0	0	0	0	0	0	0	0	0	0	0	0	0
112526	V14	0	27771.0	0	0	0	0	0	0	0	0	0	0	0	0	0	0	0	0	0
112430	P14	0	16028.0	0	0	0	0	0	0	0	0	0	0	0	0	0	0	0	0	0
112425	P1	0	27834.0	0	0	0	0	0	0	0	0	0	0	0	0	0	0	0	0	0
112527	V15	0	23765.0	0	0	0	0	0	0	0	0	0	0	0	0	0	0	0	0	0
112428	P12	0	12136.0	0	0	0	0	0	0	0	0	0	0	0	0	0	0	0	0	0
112525	V13	0	27162.0	0	0	0	0	0	0	0	0	0	0	0	0	294.0	0	0	0	0
112523	V11	0	26259.0	0	0	0	0	0	0	0	0	0	0	0	0	0	0	0	0	0
112510	U14	0	4553.0	0	0	0	0	0	0	0	0	0	0	0	0	0	218.0	0	0	0
112528	V16	0	27804.0	0	0	0	0	0	0	0	0	0	0	0	0	0	0	0	0	0
112518	U7	0	8771.0	0	0	0	0	0	0	0	0	0	0	0	361.0	0	0	0	0	0
112439	P8	0	13701.0	0	0	0	0	0	0	0	0	0	0	0	0	0	0	0	0	0
112522	V10	0	20793.0	0	0	0	0	0	0	0	0	0	0	0	0	552.0	0	0	0	0
112437	P6	0	14058.0	0	0	0	0	0	0	0	0	0	0	0	0	0	0	0	0	0
112519	U8	0	8297.0	0	0	0	0	0	0	0	0	0	0	0	0	617.0	0	0	0	0
112524	V12	0	25043.0	0	0	0	0	0	0	0	0	0	0	0	0	636.0	0	0	0	0
112534	V7	0	24134.0	0	0	0	0	0	0	0	0	0	0	0	0	404.0	0	0	0	0
112533	V6	0	22853.0	0	0	0	0	0	0	0	0	0	0	0	1966.0	0	0	0	0	0
112535	V8	0	24160.0	0	0	0	0	0	0	0	0	0	0	0	2050.0	0	0	0	0	0
112514	U3	0	10430.0	0	0	0	0	0	0	0	0	0	0	0	1802.0	0	0	0	0	0
112530	V3	0	16594.0	0	0	0	0	0	0	0	0	0	0	0	2608.0	0	0	0	0	0
112517	U6	0	1872.0	0	0	0	0	0	0	0	0	0	0	0	316.0	0	0	0	0	0
112512	U16	0	16199.0	0	0	0	0	0	0	0	0	0	0	0	3046.0	0	0	0	0	0
112506	U10	0	8204.0	0	0	0	0	0	0	0	0	0	0	0	1753.0	0	0	0	0	0
112507	U11	0	8745.0	0	0	0	0	0	0	0	0	0	0	0	1866.0	0	0	0	0	0
112531	V4	0	15951.0	0	0	0	0	0	0	0	0	0	0	0	4365.0	0	0	0	0	0
112509	U13	0	9422.0	0	0	0	0	0	0	0	0	0	0	0	3084.0	0	0	0	0	0
112532	V5	0	19940.0	0	0	0	0	0	0	0	0	0	0	0	6748.0	0	0	0	0	0
112513	U2	0	4762.0	0	0	0	0	0	0	0	0	0	0	0	1691.0	0	0	0	0	0
112516	U5	0	9215.0	0	0	0	0	0	0	0	0	0	0	0	4428.0	0	0	0	0	0
112508	U12	0	9306.0	0	0	0	0	0	0	0	0	0	0	0	4581.0	0	0	0	0	0
112515	U4	0	9247.0	0	0	0	0	0	0	0	0	0	0	0	5615.0	0	0	0	0	0
112505	U1	0	10344.0	0	0	0	0	0	0	0	0	0	0	0	6970.0	0	0	0	0	0
112520	U9	0	9884.0	0	0	0	0	0	0	0	0	0	0	0	7338.0	0	0	0	0	0
112368	L3	0	0	18604.0	0	0	0	0	0	0	0	0	0	0	0	0	0	0	0	0
112365	L15	0	0	26354.0	0	0	0	0	0	0	0	0	0	0	0	0	0	0	0	0
112371	L6	0	0	20268.0	0	0	0	0	0	0	0	0	0	0	0	0	0	0	0	0
112372	L7	0	0	26691.0	0	0	0	0	0	0	0	0	0	0	0	0	0	0	0	0
112367	L2	0	0	23700.0	0	0	0	0	0	0	0	0	0	0	0	0	0	0	0	0
112215	B8	0	0	12463.0	0	0	0	0	0	0	0	0	0	0	0	0	0	0	0	0
112364	L14	0	0	33089.0	0	0	0	0	0	0	0	0	0	0	0	0	0	0	0	0
112363	L13	0	0	31048.0	0	0	0	0	0	0	0	0	0	0	0	0	0	0	0	0
112374	L9	0	0	24963.0	0	0	0	0	0	0	0	0	0	0	0	0	0	0	0	0
112360	L10	0	0	20347.0	0	0	0	0	0	0	0	0	0	0	0	0	0	0	0	0
112209	B2	0	0	17773.0	0	0	0	0	0	0	0	0	0	0	0	0	0	0	0	0
112207	B15	0	0	18606.0	0	0	0	0	0	0	0	0	0	0	0	0	0	0	0	0
112370	L5	0	0	23565.0	0	0	0	0	0	0	0	0	0	0	0	0	0	0	0	0
112369	L4	0	0	25188.0	0	0	0	0	0	0	0	0	0	0	0	0	0	0	0	0
112203	B11	0	0	9022.0	0	0	0	0	0	0	0	0	0	0	0	0	0	0	0	0
112361	L11	0	0	20777.0	0	0	0	0	0	0	0	0	0	0	0	0	0	0	0	0
112204	B12	0	0	16048.0	0	0	0	0	0	0	0	0	0	0	0	0	0	0	0	0
112201	B1	0	0	12303.0	0	0	0	0	0	0	0	0	0	0	0	0	0	0	0	0
112211	B4	0	0	9658.0	0	0	0	0	0	0	0	0	0	0	0	0	0	0	0	0
112210	B3	0	0	15571.0	0	0	0	0	0	0	0	0	0	0	0	0	0	0	0	0
112362	L12	0	0	29333.0	0	0	0	0	0	0	0	0	0	0	0	0	0	0	0	0
112208	B16	0	0	8229.0	0	0	0	0	0	0	0	0	0	0	0	0	0	0	0	0
112471	R8	0	0	13036.0	0	0	0	0	0	0	0	0	0	0	0	0	0	0	0	0
112469	R6	0	0	11146.0	0	0	0	0	0	0	0	0	0	0	0	0	0	0	0	0
112206	B14	0	0	7185.0	0	0	0	0	0	0	0	0	0	0	0	0	0	0	0	0
112463	R15	0	0	14076.0	0	0	0	0	0	0	0	0	0	0	0	0	0	0	0	0
112468	R5	0	0	15700.0	0	0	0	0	0	0	0	0	0	0	0	0	0	0	0	0
112212	B5	0	0	3763.0	0	0	0	0	0	0	0	0	0	0	0	0	0	0	0	0
112213	B6	0	0	1147.0	0	0	0	0	0	0	0	0	0	0	0	0	0	0	0	0
112296	H10	0	0	0	19244.0	0	0	0	0	0	0	0	0	0	0	0	0	0	0	0
112339	J6	0	0	0	19163.0	0	0	0	0	0	0	0	0	0	0	0	0	0	0	0
112307	H6	0	0	0	12814.0	0	0	0	0	0	0	0	0	0	0	0	0	0	0	0
112342	J9	0	0	0	42513.0	0	0	0	0	0	0	0	0	0	0	0	0	0	0	0
112298	H12	0	0	0	19446.0	0	0	0	0	0	0	0	0	0	0	0	0	0	0	0
112387	M6	0	0	0	28139.0	0	0	0	0	0	0	0	0	0	0	0	0	0	0	0
112305	H4	0	0	0	22019.0	0	0	0	0	0	0	0	0	0	0	0	0	0	0	0
112308	H7	0	0	0	4036.0	0	0	0	0	0	0	0	0	0	0	0	0	0	0	0
112384	M3	0	0	0	25893.0	0	0	0	0	0	0	0	0	0	0	0	0	0	0	0
112332	J14	0	0	0	29215.0	0	0	0	0	0	0	0	0	0	0	0	0	0	0	0
112375	M1	0	0	0	27947.0	0	0	0	0	0	0	0	0	0	0	0	0	0	0	0
112378	M12	0	0	0	27757.0	0	0	0	0	0	0	0	0	0	0	0	0	0	0	0
112390	M9	0	0	0	19938.0	0	0	0	0	0	0	0	0	0	0	0	0	0	0	0
112304	H3	0	0	0	3083.0	0	0	0	0	0	0	0	0	0	0	0	0	0	0	0
112464	R16	0	0	0	15723.0	0	0	0	0	0	0	0	0	0	0	0	0	0	0	0
112281	G10	0	0	0	7465.0	0	0	0	0	0	0	0	0	0	1499.0	0	0	0	0	0
112286	G15	0	0	0	1752.0	0	0	0	0	33.0	0	0	0	0	0	992.0	0	0	0	0
112495	T15	0	0	0	0	0	0	0	0	0	0	0	0	0	0	2804.0	0	0	0	0
112494	T14	0	0	0	0	0	0	0	0	0	0	0	0	0	0	2947.0	0	0	0	0
112394	N12	0	0	0	0	11116.0	0	0	0	0	0	0	0	0	0	0	0	0	0	0
112400	N3	0	0	0	0	17659.0	0	0	0	0	0	0	0	0	0	0	0	0	0	0
112405	N8	0	0	0	0	15768.0	0	0	0	0	0	0	0	0	0	0	0	0	0	0
112397	N15	0	0	0	0	19772.0	0	0	0	0	0	0	0	0	0	0	0	0	0	0
112399	N2	0	0	0	0	20336.0	0	0	0	0	0	0	0	0	0	0	0	0	0	0
112395	N13	0	0	0	0	23780.0	0	0	0	0	0	0	0	0	0	0	0	0	0	0
112402	N5	0	0	0	0	19179.0	0	0	0	0	0	0	0	0	0	0	0	0	0	0
112391	N1	0	0	0	0	27567.0	0	0	0	0	0	0	0	0	0	0	0	0	0	0
112393	N11	0	0	0	0	18887.0	0	0	0	0	0	0	0	0	0	0	0	0	0	0
112403	N6	0	0	0	0	18849.0	0	0	0	0	0	0	0	0	0	0	0	0	0	0
112359	L1	0	0	0	0	23493.0	0	0	0	0	0	0	0	0	0	0	0	0	0	0
112404	N7	0	0	0	0	8824.0	0	0	0	0	0	0	0	0	0	0	0	0	294.0	0
112401	N4	0	0	0	0	8232.0	0	0	0	0	0	0	0	0	0	0	0	0	0	0
112470	R7	0	0	0	0	3403.0	0	0	0	0	0	0	0	0	0	0	0	0	0	0
112406	N9	0	0	0	0	0	1632.0	0	0	0	0	0	0	0	0	0	0	0	0	0
112485	S6	0	0	0	0	0	383.0	0	0	0	122.0	0	0	0	0	0	0	0	0	0
112392	N10	0	0	0	0	0	2923.0	0	0	0	592.0	0	0	0	0	0	0	0	0	0
112443	Q11	0	0	0	0	0	349.0	0	0	0	0	0	79.0	254.0	0	0	0	0	0	0
112292	G7	0	0	0	0	0	258.0	0	0	0	0	24.0	0	0	0	0	405.0	0	0	0
112205	B13	0	0	0	0	0	0	870.0	0	0	0	0	0	0	0	0	0	0	0	0
112453	Q6	0	0	0	0	0	0	3180.0	0	0	0	0	0	0	0	0	0	0	0	675.0
112293	G8	0	0	0	0	0	0	457.0	0	0	0	0	0	0	0	326.0	0	0	0	0
112396	N14	0	0	0	0	0	0	0	4860.0	0	0	0	0	0	0	0	0	0	0	0
112476	S12	0	0	0	0	0	0	0	3620.0	0	0	0	0	0	0	0	0	0	0	0
112193	A2	0	0	0	0	0	0	0	6253.0	0	0	0	0	0	0	6141.0	0	0	0	0
112222	C14	258.0	0	0	0	0	0	0	0	0	0	0	0	0	0	0	1446.0	0	0	0
112408	NTC2	0	0	0	0	0	0	0	0	0	0	0	0	0	0	0	0	0	0	0
112407	NTC	0	0	0	0	0	0	0	0	0	0	0	0	0	0	0	0	0	0	0
Sequence accession / SymPortal UID		62831/49066-41-38924-70819-62836-70818-70820	62831-49066-62833-70819-41-70818-38924	62831-49066-41-62836-38924-70818-471943-70819	49066/62831-41-38924-70818-70820-62836	62831/49066-41-62836-471943-70991-38924		62831/49066-41-38924	62831/49066-41-38924-62836		41-32	41	32	38924	853/854-933-1674-70902-1660	854/853/933-1674-70902	854/853/933-1674	853-854-933-1674-70902-2582-1768	853-854	854-933-853
Average defining sequence proportions and [stdev]		0.369[0.073]/0.327[0.079]-0.131[0.024]-0.044[0.010]-0.044[0.035]-0.030[0.012]-0.030[0.010]-0.025[0.013]	0.544[0.033]-0.157[0.033]-0.120[0.012]-0.079[0.008]-0.040[0.009]-0.038[0.011]-0.023[0.004]	0.418[0.019]-0.285[0.023]-0.113[0.022]-0.053[0.007]-0.042[0.012]-0.039[0.006]-0.034[0.010]-0.016[0.012]	0.425[0.035]/0.290[0.031]-0.140[0.013]-0.047[0.005]-0.042[0.012]-0.035[0.007]-0.020[0.009]	0.423[0.045]/0.272[0.032]-0.107[0.023]-0.072[0.016]-0.047[0.008]-0.047[0.018]-0.031[0.009]	0.563[0.168]/0.437[0.168]	0.421[0.161]/0.345[0.161]-0.152[0.028]-0.082[0.023]	0.409[0.091]/0.394[0.095]-0.119[0.061]-0.042[0.017]-0.036[0.025]	0.616[0.143]/0.384[0.143]	0.828[0.012]-0.172[0.012]	1.000[0.000]	1.000[0.000]	1.000[nan]	0.370[0.018]/0.363[0.021]-0.193[0.014]-0.042[0.007]-0.018[0.004]-0.014[0.003]	0.364[0.076]/0.346[0.070]/0.214[0.056]-0.047[0.018]-0.029[0.023]	0.363[0.049]/0.347[0.115]/0.244[0.097]-0.046[0.027]	0.377[nan]-0.369[nan]-0.182[nan]-0.045[nan]-0.018[nan]-0.005[nan]-0.005[nan]	0.707[nan]-0.293[nan]	0.563[nan]-0.252[nan]-0.185[nan]
