sample_uid	87732	87130	87822	87733	87823	87435	87129	87388	87257	87429	87198	87209	87517	87918	87617	87549	87936	87537	87540
112496	0	0	0	0	0	0	0	0	0	0	0	0	0	6683.0	0	0	0	0	0
112232	0	0	0	0	0	0	0	0	0	0	0	0	0	21133.0	0	0	0	0	0
112417	0	0	0	0	0	0	0	0	0	0	0	0	0	26737.0	0	0	0	0	0
112497	0	0	0	0	0	0	0	0	0	0	0	0	0	17780.0	0	0	0	0	0
112218	0	0	0	0	0	0	0	0	0	0	0	0	0	27635.0	0	0	0	0	0
112410	0	0	0	0	0	0	0	0	0	0	0	0	0	5804.0	0	0	0	0	0
112268	0	0	0	0	0	0	0	0	0	0	0	0	0	19532.0	0	0	0	0	0
112242	0	0	0	0	0	0	0	0	0	0	0	0	0	23168.0	0	0	0	0	0
112420	0	0	0	0	0	0	0	0	0	0	0	0	0	23719.0	0	0	0	0	0
112411	0	0	0	0	0	0	0	0	0	0	0	0	0	21069.0	0	0	0	0	0
112409	0	0	0	0	0	0	0	0	0	0	0	0	0	40565.0	0	0	0	0	0
112414	0	0	0	0	0	0	0	0	0	0	0	0	0	30228.0	0	0	0	0	0
112422	0	0	0	0	0	0	0	0	0	0	0	0	0	24411.0	0	0	0	0	0
112503	0	0	0	0	0	0	0	0	0	0	0	0	0	18669.0	0	0	0	0	0
112237	0	0	0	0	0	0	0	0	0	0	0	0	0	25258.0	0	0	0	0	0
112412	0	0	0	0	0	0	0	0	0	0	0	0	0	29939.0	0	0	0	0	0
112270	0	0	0	0	0	0	0	0	0	0	0	0	0	16075.0	0	0	0	0	0
112314	0	0	0	0	0	0	0	0	0	0	0	0	0	20603.0	0	0	0	0	0
112492	0	0	0	0	0	0	0	0	0	0	0	0	0	12894.0	0	0	0	0	0
112500	0	0	0	0	0	0	0	0	0	0	0	0	0	17146.0	0	0	0	0	0
112271	0	0	0	0	0	0	0	0	0	0	0	0	0	16956.0	0	0	0	0	0
112326	0	0	0	0	0	0	0	0	0	0	0	0	0	14111.0	0	0	0	0	0
112490	0	0	0	0	0	0	0	0	0	0	0	0	0	11279.0	0	0	0	0	0
112235	0	0	0	0	0	0	0	0	0	0	0	0	0	21923.0	0	0	0	0	0
112312	0	0	0	0	0	0	0	0	0	0	0	0	0	32720.0	0	0	0	0	0
112265	0	0	0	0	0	0	0	0	0	0	0	0	0	23142.0	0	0	0	0	0
112489	0	0	0	0	0	0	0	0	0	0	0	0	0	19548.0	0	0	0	0	0
112220	0	0	0	0	0	0	0	0	0	0	0	0	0	12539.0	0	0	0	0	0
112491	0	0	0	0	0	0	0	0	0	0	0	0	0	14685.0	0	0	0	0	0
112499	0	0	0	0	0	0	0	0	0	0	0	0	0	21300.0	0	0	0	0	0
112273	0	0	0	0	0	0	0	0	0	0	0	0	0	21515.0	0	0	0	0	0
112321	0	0	0	0	0	0	0	0	0	0	0	0	0	14310.0	0	0	0	0	0
112277	0	0	0	0	0	0	0	0	0	0	0	0	0	3678.0	0	0	0	0	0
112276	0	0	0	0	0	0	0	0	0	0	0	0	0	9402.0	0	0	0	0	0
112226	0	0	0	0	0	0	0	0	0	0	0	0	0	14341.0	0	0	0	0	0
112266	0	0	0	0	0	0	0	0	0	0	0	0	0	11897.0	0	0	0	0	0
112238	0	0	0	0	0	0	0	0	0	0	0	0	0	26897.0	0	0	0	0	0
112501	0	0	0	0	0	0	0	0	0	0	0	0	0	12167.0	0	0	0	0	0
112269	0	0	0	0	0	0	0	0	0	0	0	0	0	21939.0	0	0	0	0	0
112419	0	0	0	0	0	0	0	0	0	0	0	0	0	28356.0	0	0	0	0	0
112240	0	0	0	0	0	0	0	0	0	0	0	0	0	20433.0	0	0	0	0	0
112248	0	0	0	0	0	0	0	0	0	0	0	0	0	25347.0	0	0	0	0	0
112502	0	0	0	0	0	0	0	0	0	0	0	0	0	18284.0	0	0	0	0	0
112504	0	0	0	0	0	0	0	0	0	0	0	0	0	19029.0	0	0	0	0	0
112243	0	0	0	0	0	0	0	0	0	0	0	0	0	18533.0	0	0	0	0	0
112274	0	0	0	0	0	0	0	0	0	0	0	0	0	27478.0	0	0	0	0	0
112280	0	0	0	0	0	0	0	0	0	0	0	0	0	22997.0	0	0	0	0	0
112424	0	0	0	0	0	0	0	0	0	0	0	0	0	29998.0	0	0	0	0	0
112315	0	0	0	0	0	0	0	0	0	0	0	0	0	21835.0	0	0	0	0	0
112227	0	0	0	0	0	0	0	0	0	0	0	0	0	10114.0	0	0	0	0	0
112221	0	0	0	0	0	0	0	0	0	0	0	0	0	14376.0	0	0	0	0	0
112223	0	0	0	0	0	0	0	0	0	0	0	0	0	11721.0	0	0	0	0	0
112246	0	0	0	0	0	0	0	0	0	0	0	0	0	24888.0	0	0	0	0	0
112416	0	0	0	0	0	0	0	0	0	0	0	0	0	26358.0	0	0	0	0	0
112279	0	0	0	0	0	0	0	0	0	0	0	0	0	27867.0	0	0	0	0	0
112320	0	0	0	0	0	0	0	0	0	0	0	0	0	18066.0	0	0	0	0	0
112275	0	0	0	0	0	0	0	0	0	0	0	0	0	23441.0	0	0	0	0	0
112234	0	0	0	0	0	0	0	0	0	0	0	0	0	28444.0	0	0	0	0	0
112245	0	0	0	0	0	0	0	0	0	0	0	0	0	27582.0	0	0	0	0	0
112493	0	0	0	0	0	0	0	0	0	0	0	0	0	13578.0	0	0	0	0	0
112421	0	0	0	0	0	0	0	0	0	0	0	0	0	36973.0	0	0	0	0	0
112239	0	0	0	0	0	0	0	0	0	0	0	0	0	27463.0	0	0	0	0	0
112241	0	0	0	0	0	0	0	0	0	0	0	0	0	19545.0	0	0	0	0	0
112244	0	0	0	0	0	0	0	0	0	0	0	0	0	20602.0	0	0	0	0	0
112415	0	0	0	0	0	0	0	0	0	0	0	0	0	35549.0	0	0	0	0	0
112225	0	0	0	0	0	0	0	0	0	0	0	0	0	15609.0	0	0	0	0	0
112233	0	0	0	0	0	0	0	0	0	0	0	0	0	19215.0	0	0	0	0	0
112323	0	0	0	0	0	0	0	0	0	0	0	0	0	19233.0	0	0	0	0	0
112230	0	0	0	0	0	0	0	0	0	0	0	0	0	7516.0	0	0	0	0	0
112236	0	0	0	0	0	0	0	0	0	0	0	0	0	20378.0	0	0	0	0	0
112418	0	0	0	0	0	0	0	0	0	0	0	0	0	21022.0	0	0	0	0	0
112317	0	0	0	0	0	0	0	0	0	0	0	0	0	10130.0	0	0	0	0	0
112217	0	0	0	0	0	0	0	0	0	0	0	0	0	14284.0	0	0	0	0	0
112267	0	0	0	0	0	0	0	0	0	0	0	0	0	7445.0	0	0	0	0	0
112325	0	0	0	0	0	0	0	0	0	0	0	0	0	18891.0	0	0	0	0	0
112224	0	0	0	0	0	0	0	0	0	0	0	0	0	22992.0	0	0	0	0	0
112247	0	0	0	0	0	0	143.0	0	0	0	0	0	0	31171.0	0	0	0	0	0
112316	0	0	0	0	0	0	0	0	0	0	0	0	0	9319.0	0	0	0	0	0
112423	0	0	0	0	0	0	0	0	0	0	0	0	0	22697.0	0	0	0	0	0
112231	0	0	0	0	0	0	0	0	0	0	0	0	0	10515.0	0	0	0	0	0
112413	0	0	0	0	0	0	0	0	0	0	0	0	0	16729.0	0	0	0	0	0
112313	0	0	0	0	0	0	0	0	0	0	0	0	0	19463.0	0	0	0	0	0
112398	0	0	0	0	256.0	0	0	0	0	0	0	17.0	0	36256.0	0	0	0	0	0
112272	0	0	0	0	0	0	0	0	0	0	0	0	0	5313.0	0	0	0	0	0
112322	0	0	0	0	0	207.0	0	0	0	0	30.0	0	0	21128.0	0	0	0	0	0
112219	0	0	0	0	0	0	0	0	0	0	0	0	0	4149.0	0	0	0	0	0
112498	0	0	0	0	0	0	0	0	0	0	0	0	0	4471.0	0	0	0	0	0
112278	0	0	0	0	0	0	0	0	0	0	0	0	0	3569.0	0	0	0	0	0
112311	0	0	0	432.0	0	0	0	0	0	0	0	0	0	19791.0	0	0	0	0	0
112228	0	0	0	0	0	0	0	0	0	0	0	0	0	5628.0	0	0	0	0	0
112229	0	0	0	0	0	0	0	205.0	0	0	0	0	0	10442.0	0	0	0	0	0
112324	0	0	0	0	0	0	0	0	0	0	0	0	0	7758.0	0	0	0	0	0
112319	0	0	0	1062.0	0	0	0	0	22.0	0	0	0	0	24630.0	0	0	0	0	0
112318	0	0	0	0	0	0	346.0	0	0	0	0	0	0	8792.0	0	0	0	0	0
112562	0	0	0	0	0	0	3583.0	0	0	0	0	0	0	44375.0	0	0	0	0	0
112538	3511.0	0	0	0	0	0	0	0	0	0	0	0	0	24093.0	0	0	0	0	0
112290	0	0	0	0	0	0	0	737.0	0	0	0	0	0	4475.0	0	0	0	0	0
112552	4870.0	0	0	0	0	0	0	0	0	0	0	0	0	27473.0	0	0	0	0	0
112567	9657.0	0	0	0	0	0	0	0	0	0	0	0	0	43466.0	0	0	0	0	0
112557	0	0	0	5159.0	0	0	0	0	0	0	0	0	0	23804.0	0	0	0	0	0
112556	5373.0	0	0	0	0	0	0	0	0	0	0	0	0	22953.0	0	0	0	0	0
112566	3381.0	0	0	0	0	0	0	0	0	0	0	0	0	16086.0	0	0	0	0	0
112540	7026.0	0	0	0	0	0	0	0	0	0	0	0	0	30289.0	0	0	0	0	0
112563	7450.0	0	0	0	0	0	0	0	0	0	0	0	0	27560.0	0	0	0	0	0
112568	6426.0	0	0	0	0	0	0	0	0	0	0	0	0	23916.0	0	0	0	0	0
112294	0	0	0	0	0	0	0	1065.0	11.0	0	0	0	0	4564.0	0	0	0	0	0
112555	6288.0	0	0	0	0	0	0	0	0	0	0	0	0	23916.0	0	0	0	0	0
112284	0	0	0	1589.0	0	0	0	0	0	0	0	0	0	5969.0	0	0	0	0	0
112285	0	0	0	819.0	0	0	0	0	0	0	0	0	0	3489.0	0	0	0	0	0
112291	0	0	0	1159.0	0	0	0	0	0	0	0	0	0	4120.0	0	0	0	0	0
112541	8421.0	0	0	0	0	0	0	0	0	0	0	0	0	28912.0	0	0	0	0	0
112565	8050.0	0	0	0	0	0	0	0	0	0	0	0	0	25737.0	0	0	0	0	0
112537	7135.0	0	0	0	0	0	0	0	0	0	0	0	0	22566.0	0	0	0	0	0
112283	4746.0	0	0	0	0	0	0	0	0	0	0	0	0	13880.0	0	0	0	0	0
112561	0	0	0	10094.0	0	0	0	0	0	0	0	0	0	28413.0	0	0	0	0	0
112558	10061.0	0	0	0	0	0	0	0	0	0	0	0	0	27994.0	0	0	0	0	0
112554	0	0	0	7034.0	0	0	0	0	0	0	0	0	0	19105.0	0	0	0	0	0
112560	9272.0	0	0	0	0	0	0	0	0	0	0	0	0	23785.0	0	0	0	0	0
112553	0	0	0	12241.0	0	0	0	0	0	0	0	0	0	29708.0	0	0	0	0	0
112564	0	0	0	10806.0	0	0	0	0	0	0	0	0	0	26360.0	0	0	0	0	0
112200	10502.0	0	0	0	0	0	0	0	0	0	0	0	0	24372.0	0	0	0	0	0
112185	11059.0	0	0	0	0	0	0	0	0	0	0	0	0	24240.0	0	0	0	0	0
112559	10866.0	0	0	0	0	0	0	0	0	0	0	0	0	23161.0	0	0	0	0	0
112545	7439.0	0	0	0	0	0	0	0	0	0	0	0	0	14259.0	0	0	0	0	0
112288	3951.0	0	0	0	0	0	0	0	0	0	0	0	0	7047.0	0	0	0	0	0
112195	11305.0	0	0	0	0	0	0	0	0	0	0	0	0	16299.0	0	0	0	0	0
112521	0	12440.0	0	0	0	0	0	0	0	0	0	0	0	18054.0	0	0	0	0	0
112529	0	9328.0	0	0	0	0	0	0	0	0	0	0	0	13913.0	0	0	0	0	0
112188	16068.0	0	0	0	0	0	0	0	0	0	0	0	0	21033.0	0	0	0	0	0
112287	0	0	0	4384.0	0	0	0	0	0	0	0	0	0	5944.0	0	0	0	0	0
112263	18207.0	0	0	0	0	0	0	0	0	0	0	0	0	0	0	0	0	0	0
112487	8956.0	0	0	0	0	0	0	0	0	0	0	0	0	0	0	0	0	0	0
112254	28524.0	0	0	0	0	0	0	0	0	0	0	0	0	0	0	0	0	0	0
112357	17405.0	0	0	0	0	0	0	0	0	0	0	0	0	0	0	0	0	0	0
112448	16761.0	0	0	0	0	0	0	0	0	0	0	0	0	0	0	0	0	0	0
112475	5471.0	0	0	0	0	0	0	0	0	0	0	0	0	0	0	0	0	0	0
112486	6531.0	0	0	0	0	0	0	0	0	0	0	0	0	0	0	0	0	0	0
112264	24277.0	0	0	0	0	0	0	0	0	0	0	0	0	0	0	0	0	0	0
112249	21567.0	0	0	0	0	0	0	0	0	0	0	0	0	0	0	0	0	0	0
112259	20389.0	0	0	0	0	0	0	0	0	0	0	0	0	0	0	0	0	0	0
112250	16004.0	0	0	0	0	0	0	0	0	0	0	0	0	0	0	0	0	0	0
112488	17185.0	0	0	0	0	0	0	0	0	0	0	0	0	0	0	0	0	0	0
112473	14569.0	0	0	0	0	0	0	0	0	0	0	0	0	0	0	0	0	0	0
112258	19906.0	0	0	0	0	0	0	0	0	0	0	0	0	0	0	0	0	0	0
112451	18243.0	0	0	0	0	0	0	0	0	0	0	0	0	0	0	0	0	0	0
112478	3152.0	0	0	0	0	0	0	0	0	0	0	0	0	0	0	0	0	0	0
112341	11970.0	0	0	0	0	0	0	0	0	0	0	0	0	0	0	0	0	0	0
112260	26585.0	0	0	0	0	0	0	0	0	0	0	0	0	0	0	0	0	0	0
112255	27962.0	0	0	0	0	0	0	0	0	0	0	0	0	0	0	0	0	0	0
112262	20361.0	0	0	0	0	0	0	0	0	0	0	0	0	0	0	0	0	0	0
112447	17912.0	0	0	0	0	0	0	0	0	0	0	0	0	0	0	0	0	0	0
112261	14122.0	0	0	0	0	0	0	0	0	0	0	0	0	0	0	0	0	0	0
112252	24779.0	0	0	0	0	0	0	0	0	0	0	0	0	0	0	0	0	0	0
112474	10053.0	0	0	0	0	0	0	0	0	0	0	0	0	0	0	0	0	0	0
112253	24729.0	0	0	0	0	0	0	0	0	0	0	0	0	0	0	0	0	0	0
112442	8397.0	0	0	0	0	0	0	0	0	0	0	0	0	0	0	0	0	0	0
112482	11179.0	0	0	0	0	0	0	0	0	0	0	0	0	0	0	0	0	0	0
112484	8478.0	0	0	0	0	0	0	0	0	0	0	0	0	0	0	0	0	0	0
112337	12543.0	0	0	0	0	0	0	0	0	0	0	0	0	0	0	0	0	0	0
112257	23470.0	0	0	0	0	0	0	0	0	0	0	0	0	0	0	0	0	0	0
112456	18126.0	0	0	0	0	0	0	0	0	0	0	0	0	0	0	0	0	0	0
112483	12744.0	0	0	0	0	0	0	0	0	0	0	0	0	0	0	0	0	0	0
112477	13557.0	0	0	0	0	0	0	0	0	0	0	0	0	0	0	0	0	0	0
112251	23047.0	0	0	0	0	0	0	0	0	0	0	0	0	0	0	0	0	0	0
112480	10893.0	0	0	0	0	0	0	0	0	0	0	0	0	0	0	0	0	0	0
112444	6746.0	0	0	0	0	0	0	0	0	0	0	0	0	0	0	0	0	0	0
112336	23198.0	0	0	0	0	0	0	0	0	0	0	0	0	0	0	0	0	0	0
112479	12723.0	0	0	0	0	0	0	0	0	0	0	0	0	0	0	0	0	0	0
112452	13934.0	0	0	0	0	0	0	0	0	0	0	0	0	0	0	0	0	0	0
112297	13099.0	0	0	0	0	0	0	0	0	0	0	0	0	0	0	0	0	0	0
112450	8984.0	0	0	0	0	0	0	0	0	0	0	0	0	0	0	0	0	0	0
112481	12404.0	0	0	0	0	0	0	0	0	0	0	0	0	0	0	0	0	0	0
112454	15699.0	0	0	0	0	0	0	0	0	0	0	0	0	0	0	245.0	0	0	0
112347	15760.0	0	0	0	0	0	0	0	0	0	0	0	0	0	0	0	0	0	0
112335	30567.0	0	0	0	0	0	0	0	0	0	0	0	0	0	0	0	0	0	0
112333	25674.0	0	0	0	0	0	0	0	0	0	0	0	0	0	0	0	0	0	0
112334	21953.0	0	0	0	0	0	0	0	0	0	0	0	0	0	0	0	0	0	0
112256	25094.0	0	0	0	0	0	0	0	0	0	0	0	0	0	0	0	0	0	0
112340	21778.0	0	0	0	0	0	0	0	0	0	0	0	0	0	0	0	0	0	0
112301	8105.0	0	0	0	0	0	0	0	0	0	0	0	0	0	0	0	0	0	0
112348	15189.0	0	0	0	0	0	0	0	0	0	0	0	0	0	0	0	0	0	0
112295	20314.0	0	0	0	0	0	0	0	0	0	0	0	0	0	0	0	0	0	0
112327	33295.0	0	0	0	0	0	0	0	0	0	0	0	0	0	0	0	0	0	0
112349	16128.0	0	0	0	0	0	0	0	0	0	0	0	0	0	540.0	0	0	0	0
112446	8566.0	0	0	0	0	0	0	0	0	0	0	0	0	0	0	0	0	0	0
112350	9364.0	0	0	0	0	0	0	0	0	0	0	0	0	0	317.0	0	0	0	0
112380	25688.0	0	0	0	0	0	0	0	0	0	0	0	0	0	0	0	0	0	0
112303	18445.0	0	0	0	0	0	0	0	0	0	0	0	0	0	0	0	0	0	0
112310	16897.0	0	0	0	0	0	0	0	0	0	0	0	0	0	0	0	0	0	0
112302	12692.0	0	0	0	0	0	0	0	0	0	0	0	0	0	0	0	0	0	0
112300	12815.0	0	0	0	0	0	0	0	0	0	0	0	0	0	0	0	0	0	0
112329	27694.0	0	0	0	0	0	0	0	0	0	0	0	0	0	0	0	0	0	0
112381	28123.0	0	0	0	0	0	0	0	0	0	0	0	0	0	0	0	0	0	0
112389	30894.0	0	0	0	0	0	0	0	0	0	0	0	0	0	0	0	0	0	0
112331	18516.0	0	0	0	0	0	0	0	0	0	0	0	0	0	0	0	0	0	0
112377	27830.0	0	0	0	0	0	0	0	0	0	0	0	0	0	0	0	0	0	0
112382	26601.0	0	0	0	0	0	0	0	0	0	0	0	0	0	0	0	0	0	0
112299	15948.0	0	0	0	0	0	0	0	0	0	0	0	0	0	0	0	0	0	0
112328	33916.0	0	0	0	0	0	0	0	0	0	0	0	0	0	0	0	0	0	0
112383	24291.0	0	0	0	0	0	0	0	0	0	0	0	0	0	0	0	0	0	0
112386	26969.0	0	0	0	0	0	0	0	0	0	0	0	0	0	0	0	0	0	0
112455	2850.0	0	0	0	0	0	0	0	0	0	0	0	0	0	0	0	0	0	0
112385	27610.0	0	0	0	0	0	0	0	0	0	0	0	0	0	0	0	0	0	0
112388	29437.0	0	0	0	0	0	0	0	0	0	0	0	0	0	0	0	0	0	0
112379	25976.0	0	0	0	0	0	0	0	0	0	0	0	0	0	0	0	0	0	0
112309	11981.0	0	0	0	0	0	0	0	0	0	0	0	0	0	251.0	0	0	0	0
112338	21949.0	0	0	0	0	0	0	0	0	0	0	0	0	0	0	0	0	0	0
112330	11829.0	0	0	0	0	0	0	0	0	0	0	0	0	0	0	0	0	0	0
112306	15272.0	0	0	0	0	0	0	0	0	0	0	0	0	0	0	0	0	0	0
112445	7321.0	0	0	0	0	0	0	0	0	0	0	0	0	0	0	0	0	0	0
112376	23179.0	0	0	0	0	0	0	0	0	0	0	0	0	0	0	0	0	0	0
112345	19142.0	0	0	0	0	0	0	0	0	0	0	0	0	0	0	0	1099.0	0	0
112344	25898.0	0	0	0	0	0	0	0	0	0	0	0	0	1731.0	0	0	0	0	0
112202	24641.0	0	0	0	0	0	0	0	0	0	0	0	0	0	0	0	0	0	0
112352	11103.0	0	0	0	0	0	0	0	0	0	0	0	0	880.0	0	0	0	0	0
112216	10893.0	0	0	0	0	0	0	0	0	0	0	0	0	0	0	0	0	0	0
112214	7371.0	0	0	0	0	0	0	0	0	0	0	0	0	0	0	0	0	0	0
112356	11349.0	0	0	0	0	0	0	0	0	0	0	0	0	1092.0	0	0	0	0	0
112449	8053.0	0	0	0	0	0	0	0	0	0	0	0	0	0	773.0	0	0	0	0
112465	5831.0	0	0	0	0	0	0	0	0	0	0	0	0	0	0	0	0	0	0
112467	19428.0	0	0	0	0	0	0	0	0	0	0	0	0	0	0	0	0	0	0
112346	15318.0	0	0	0	0	0	0	0	0	0	0	0	0	1756.0	0	0	0	0	0
112472	20012.0	0	0	0	0	0	0	0	0	0	0	0	0	0	0	0	0	0	0
112457	20327.0	0	0	0	0	0	0	0	0	0	0	0	0	0	0	0	0	0	0
112459	10972.0	0	0	0	0	0	0	0	0	0	0	0	0	0	0	0	0	0	0
112458	11417.0	0	0	0	0	0	0	0	0	0	0	0	0	0	0	0	0	0	0
112462	7079.0	0	0	0	0	0	0	0	0	0	0	0	0	0	0	0	0	0	0
112366	17390.0	0	0	0	0	0	0	0	0	0	0	0	0	0	0	0	0	0	0
112460	14996.0	0	0	0	0	0	0	0	0	0	0	0	0	0	0	0	0	0	0
112461	8212.0	0	0	0	0	0	0	0	0	0	0	0	0	0	0	0	0	0	0
112466	16569.0	0	0	0	0	0	0	0	0	0	0	0	0	0	0	0	0	0	0
112354	6533.0	0	0	0	0	0	0	0	0	0	0	0	0	0	0	821.0	0	0	0
112551	21401.0	0	0	0	0	0	0	0	0	0	0	0	0	1749.0	0	0	0	0	0
112373	14930.0	0	0	0	0	0	0	0	0	0	0	0	0	0	0	0	0	0	0
112189	16318.0	0	0	0	0	0	0	0	0	0	0	0	0	3938.0	0	0	0	0	0
112198	19659.0	0	0	0	0	0	0	0	0	0	0	0	0	5519.0	0	0	0	0	0
112355	10240.0	0	0	0	0	0	0	0	0	0	0	0	0	2968.0	0	0	0	0	0
112196	18998.0	0	0	0	0	0	0	0	0	0	0	0	0	6400.0	0	0	0	0	0
112550	15259.0	0	0	0	0	0	0	0	0	0	0	0	0	3685.0	0	0	0	0	0
112351	20637.0	0	0	0	0	0	0	0	0	0	0	0	0	8115.0	0	0	0	0	0
112543	24083.0	0	0	0	0	0	0	0	0	0	0	0	0	6776.0	0	0	0	0	0
112548	19952.0	0	0	0	0	0	0	0	0	0	0	0	0	6755.0	0	0	0	0	0
112549	11635.0	0	0	0	0	0	0	0	0	0	0	0	0	4981.0	0	0	0	0	0
112353	22020.0	0	0	0	0	0	0	0	0	0	0	0	0	11267.0	0	0	0	0	0
112199	19141.0	0	0	0	0	0	0	0	0	0	0	0	0	9872.0	0	0	0	0	0
112343	10693.0	0	0	0	0	0	0	0	0	0	0	0	0	5782.0	0	0	0	0	0
112192	24919.0	0	0	0	0	0	0	0	0	0	0	0	0	15017.0	0	0	0	0	0
112544	12739.0	0	0	0	0	0	0	0	0	0	0	0	0	7006.0	0	0	0	0	0
112441	8917.0	0	0	0	0	0	0	0	0	0	0	0	0	5594.0	0	0	0	0	0
112186	18806.0	0	0	0	0	0	0	0	0	0	0	0	0	13260.0	0	0	0	0	0
112194	17743.0	0	0	0	0	0	0	0	0	0	0	0	0	12642.0	0	0	0	0	0
112191	19109.0	0	0	0	0	0	0	0	0	0	0	0	0	14202.0	0	0	0	0	0
112358	17191.0	0	0	0	0	0	0	0	0	0	0	0	0	13049.0	0	0	0	0	0
112289	4493.0	0	0	0	0	0	0	0	0	0	0	0	0	3185.0	0	0	0	0	0
112282	6494.0	0	0	0	0	0	0	0	0	0	0	0	0	5634.0	0	0	0	0	0
112547	12497.0	0	0	0	0	0	0	0	0	0	0	0	0	9730.0	0	0	0	0	0
112187	14183.0	0	0	0	0	0	0	0	0	0	0	0	0	12887.0	0	0	0	0	0
112190	15542.0	0	0	0	0	0	0	0	0	0	0	0	0	15338.0	0	0	0	0	0
112546	8553.0	0	0	0	0	0	0	0	0	0	0	0	0	8114.0	0	0	0	0	0
112539	13731.0	0	0	0	0	0	0	0	0	0	0	0	0	12762.0	0	0	0	0	0
112542	7082.0	0	0	0	0	0	0	0	0	0	0	0	0	0	6920.0	0	0	0	0
112197	7960.0	0	0	0	0	0	0	0	0	0	0	0	0	0	0	7978.0	0	0	0
112426	0	9912.0	0	0	0	0	0	0	0	0	0	0	0	0	0	0	0	0	0
112431	0	13283.0	0	0	0	0	0	0	0	0	0	0	0	0	0	0	0	0	0
112433	0	19330.0	0	0	0	0	0	0	0	0	0	0	0	0	0	0	0	0	0
112427	0	14478.0	0	0	0	0	0	0	0	0	0	0	0	0	0	0	0	0	0
112536	0	29434.0	0	0	0	0	0	0	0	0	0	0	0	0	0	0	0	0	0
112436	0	26596.0	0	0	0	0	0	0	0	0	0	0	0	0	0	0	0	0	0
112432	0	27584.0	0	0	0	0	0	0	0	0	0	0	0	0	0	0	0	0	0
112434	0	18253.0	0	0	0	0	0	0	0	0	0	0	0	0	0	0	0	0	0
112429	0	14744.0	0	0	0	0	0	0	0	0	0	0	0	0	0	0	0	0	0
112435	0	17322.0	0	0	0	0	0	0	0	0	0	0	0	0	0	0	0	0	0
112440	0	22516.0	0	0	0	0	0	0	0	0	0	0	0	0	0	0	0	0	0
112511	0	12593.0	0	0	0	0	0	0	0	0	0	0	0	0	599.0	0	0	0	0
112438	0	16338.0	0	0	0	0	0	0	0	0	0	0	0	0	0	0	0	0	0
112526	0	27771.0	0	0	0	0	0	0	0	0	0	0	0	0	0	0	0	0	0
112430	0	16028.0	0	0	0	0	0	0	0	0	0	0	0	0	0	0	0	0	0
112425	0	27834.0	0	0	0	0	0	0	0	0	0	0	0	0	0	0	0	0	0
112527	0	23765.0	0	0	0	0	0	0	0	0	0	0	0	0	0	0	0	0	0
112428	0	12136.0	0	0	0	0	0	0	0	0	0	0	0	0	0	0	0	0	0
112525	0	27162.0	0	0	0	0	0	0	0	0	0	0	0	0	294.0	0	0	0	0
112523	0	26259.0	0	0	0	0	0	0	0	0	0	0	0	0	0	0	0	0	0
112510	0	4553.0	0	0	0	0	0	0	0	0	0	0	0	0	0	218.0	0	0	0
112528	0	27804.0	0	0	0	0	0	0	0	0	0	0	0	0	0	0	0	0	0
112518	0	8771.0	0	0	0	0	0	0	0	0	0	0	0	361.0	0	0	0	0	0
112439	0	13701.0	0	0	0	0	0	0	0	0	0	0	0	0	0	0	0	0	0
112522	0	20793.0	0	0	0	0	0	0	0	0	0	0	0	0	552.0	0	0	0	0
112437	0	14058.0	0	0	0	0	0	0	0	0	0	0	0	0	0	0	0	0	0
112519	0	8297.0	0	0	0	0	0	0	0	0	0	0	0	0	617.0	0	0	0	0
112524	0	25043.0	0	0	0	0	0	0	0	0	0	0	0	0	636.0	0	0	0	0
112534	0	24134.0	0	0	0	0	0	0	0	0	0	0	0	0	404.0	0	0	0	0
112533	0	22853.0	0	0	0	0	0	0	0	0	0	0	0	1966.0	0	0	0	0	0
112535	0	24160.0	0	0	0	0	0	0	0	0	0	0	0	2050.0	0	0	0	0	0
112514	0	10430.0	0	0	0	0	0	0	0	0	0	0	0	1802.0	0	0	0	0	0
112530	0	16594.0	0	0	0	0	0	0	0	0	0	0	0	2608.0	0	0	0	0	0
112517	0	1872.0	0	0	0	0	0	0	0	0	0	0	0	316.0	0	0	0	0	0
112512	0	16199.0	0	0	0	0	0	0	0	0	0	0	0	3046.0	0	0	0	0	0
112506	0	8204.0	0	0	0	0	0	0	0	0	0	0	0	1753.0	0	0	0	0	0
112507	0	8745.0	0	0	0	0	0	0	0	0	0	0	0	1866.0	0	0	0	0	0
112531	0	15951.0	0	0	0	0	0	0	0	0	0	0	0	4365.0	0	0	0	0	0
112509	0	9422.0	0	0	0	0	0	0	0	0	0	0	0	3084.0	0	0	0	0	0
112532	0	19940.0	0	0	0	0	0	0	0	0	0	0	0	6748.0	0	0	0	0	0
112513	0	4762.0	0	0	0	0	0	0	0	0	0	0	0	1691.0	0	0	0	0	0
112516	0	9215.0	0	0	0	0	0	0	0	0	0	0	0	4428.0	0	0	0	0	0
112508	0	9306.0	0	0	0	0	0	0	0	0	0	0	0	4581.0	0	0	0	0	0
112515	0	9247.0	0	0	0	0	0	0	0	0	0	0	0	5615.0	0	0	0	0	0
112505	0	10344.0	0	0	0	0	0	0	0	0	0	0	0	6970.0	0	0	0	0	0
112520	0	9884.0	0	0	0	0	0	0	0	0	0	0	0	7338.0	0	0	0	0	0
112368	0	0	18604.0	0	0	0	0	0	0	0	0	0	0	0	0	0	0	0	0
112365	0	0	26354.0	0	0	0	0	0	0	0	0	0	0	0	0	0	0	0	0
112371	0	0	20268.0	0	0	0	0	0	0	0	0	0	0	0	0	0	0	0	0
112372	0	0	26691.0	0	0	0	0	0	0	0	0	0	0	0	0	0	0	0	0
112367	0	0	23700.0	0	0	0	0	0	0	0	0	0	0	0	0	0	0	0	0
112215	0	0	12463.0	0	0	0	0	0	0	0	0	0	0	0	0	0	0	0	0
112364	0	0	33089.0	0	0	0	0	0	0	0	0	0	0	0	0	0	0	0	0
112363	0	0	31048.0	0	0	0	0	0	0	0	0	0	0	0	0	0	0	0	0
112374	0	0	24963.0	0	0	0	0	0	0	0	0	0	0	0	0	0	0	0	0
112360	0	0	20347.0	0	0	0	0	0	0	0	0	0	0	0	0	0	0	0	0
112209	0	0	17773.0	0	0	0	0	0	0	0	0	0	0	0	0	0	0	0	0
112207	0	0	18606.0	0	0	0	0	0	0	0	0	0	0	0	0	0	0	0	0
112370	0	0	23565.0	0	0	0	0	0	0	0	0	0	0	0	0	0	0	0	0
112369	0	0	25188.0	0	0	0	0	0	0	0	0	0	0	0	0	0	0	0	0
112203	0	0	9022.0	0	0	0	0	0	0	0	0	0	0	0	0	0	0	0	0
112361	0	0	20777.0	0	0	0	0	0	0	0	0	0	0	0	0	0	0	0	0
112204	0	0	16048.0	0	0	0	0	0	0	0	0	0	0	0	0	0	0	0	0
112201	0	0	12303.0	0	0	0	0	0	0	0	0	0	0	0	0	0	0	0	0
112211	0	0	9658.0	0	0	0	0	0	0	0	0	0	0	0	0	0	0	0	0
112210	0	0	15571.0	0	0	0	0	0	0	0	0	0	0	0	0	0	0	0	0
112362	0	0	29333.0	0	0	0	0	0	0	0	0	0	0	0	0	0	0	0	0
112208	0	0	8229.0	0	0	0	0	0	0	0	0	0	0	0	0	0	0	0	0
112471	0	0	13036.0	0	0	0	0	0	0	0	0	0	0	0	0	0	0	0	0
112469	0	0	11146.0	0	0	0	0	0	0	0	0	0	0	0	0	0	0	0	0
112206	0	0	7185.0	0	0	0	0	0	0	0	0	0	0	0	0	0	0	0	0
112463	0	0	14076.0	0	0	0	0	0	0	0	0	0	0	0	0	0	0	0	0
112468	0	0	15700.0	0	0	0	0	0	0	0	0	0	0	0	0	0	0	0	0
112212	0	0	3763.0	0	0	0	0	0	0	0	0	0	0	0	0	0	0	0	0
112213	0	0	1147.0	0	0	0	0	0	0	0	0	0	0	0	0	0	0	0	0
112296	0	0	0	19244.0	0	0	0	0	0	0	0	0	0	0	0	0	0	0	0
112339	0	0	0	19163.0	0	0	0	0	0	0	0	0	0	0	0	0	0	0	0
112307	0	0	0	12814.0	0	0	0	0	0	0	0	0	0	0	0	0	0	0	0
112342	0	0	0	42513.0	0	0	0	0	0	0	0	0	0	0	0	0	0	0	0
112298	0	0	0	19446.0	0	0	0	0	0	0	0	0	0	0	0	0	0	0	0
112387	0	0	0	28139.0	0	0	0	0	0	0	0	0	0	0	0	0	0	0	0
112305	0	0	0	22019.0	0	0	0	0	0	0	0	0	0	0	0	0	0	0	0
112308	0	0	0	4036.0	0	0	0	0	0	0	0	0	0	0	0	0	0	0	0
112384	0	0	0	25893.0	0	0	0	0	0	0	0	0	0	0	0	0	0	0	0
112332	0	0	0	29215.0	0	0	0	0	0	0	0	0	0	0	0	0	0	0	0
112375	0	0	0	27947.0	0	0	0	0	0	0	0	0	0	0	0	0	0	0	0
112378	0	0	0	27757.0	0	0	0	0	0	0	0	0	0	0	0	0	0	0	0
112390	0	0	0	19938.0	0	0	0	0	0	0	0	0	0	0	0	0	0	0	0
112304	0	0	0	3083.0	0	0	0	0	0	0	0	0	0	0	0	0	0	0	0
112464	0	0	0	15723.0	0	0	0	0	0	0	0	0	0	0	0	0	0	0	0
112281	0	0	0	7465.0	0	0	0	0	0	0	0	0	0	1499.0	0	0	0	0	0
112286	0	0	0	1752.0	0	0	0	0	33.0	0	0	0	0	0	992.0	0	0	0	0
112495	0	0	0	0	0	0	0	0	0	0	0	0	0	0	2804.0	0	0	0	0
112494	0	0	0	0	0	0	0	0	0	0	0	0	0	0	2947.0	0	0	0	0
112394	0	0	0	0	11116.0	0	0	0	0	0	0	0	0	0	0	0	0	0	0
112400	0	0	0	0	17659.0	0	0	0	0	0	0	0	0	0	0	0	0	0	0
112405	0	0	0	0	15768.0	0	0	0	0	0	0	0	0	0	0	0	0	0	0
112397	0	0	0	0	19772.0	0	0	0	0	0	0	0	0	0	0	0	0	0	0
112399	0	0	0	0	20336.0	0	0	0	0	0	0	0	0	0	0	0	0	0	0
112395	0	0	0	0	23780.0	0	0	0	0	0	0	0	0	0	0	0	0	0	0
112402	0	0	0	0	19179.0	0	0	0	0	0	0	0	0	0	0	0	0	0	0
112391	0	0	0	0	27567.0	0	0	0	0	0	0	0	0	0	0	0	0	0	0
112393	0	0	0	0	18887.0	0	0	0	0	0	0	0	0	0	0	0	0	0	0
112403	0	0	0	0	18849.0	0	0	0	0	0	0	0	0	0	0	0	0	0	0
112359	0	0	0	0	23493.0	0	0	0	0	0	0	0	0	0	0	0	0	0	0
112404	0	0	0	0	8824.0	0	0	0	0	0	0	0	0	0	0	0	0	294.0	0
112401	0	0	0	0	8232.0	0	0	0	0	0	0	0	0	0	0	0	0	0	0
112470	0	0	0	0	3403.0	0	0	0	0	0	0	0	0	0	0	0	0	0	0
112406	0	0	0	0	0	1632.0	0	0	0	0	0	0	0	0	0	0	0	0	0
112485	0	0	0	0	0	383.0	0	0	0	122.0	0	0	0	0	0	0	0	0	0
112392	0	0	0	0	0	2923.0	0	0	0	592.0	0	0	0	0	0	0	0	0	0
112443	0	0	0	0	0	349.0	0	0	0	0	0	79.0	254.0	0	0	0	0	0	0
112292	0	0	0	0	0	258.0	0	0	0	0	24.0	0	0	0	0	405.0	0	0	0
112205	0	0	0	0	0	0	870.0	0	0	0	0	0	0	0	0	0	0	0	0
112453	0	0	0	0	0	0	3180.0	0	0	0	0	0	0	0	0	0	0	0	675.0
112293	0	0	0	0	0	0	457.0	0	0	0	0	0	0	0	326.0	0	0	0	0
112396	0	0	0	0	0	0	0	4860.0	0	0	0	0	0	0	0	0	0	0	0
112476	0	0	0	0	0	0	0	3620.0	0	0	0	0	0	0	0	0	0	0	0
112193	0	0	0	0	0	0	0	6253.0	0	0	0	0	0	0	6141.0	0	0	0	0
112222	258.0	0	0	0	0	0	0	0	0	0	0	0	0	0	0	1446.0	0	0	0
112408	0	0	0	0	0	0	0	0	0	0	0	0	0	0	0	0	0	0	0
112407	0	0	0	0	0	0	0	0	0	0	0	0	0	0	0	0	0	0	0
