sample_uid	87732	87130	87822	87733	87823	87435	87129	87388	87257	87429	87198	87209	87517	87918	87617	87549	87936	87537	87540
112496	0	0	0	0	0	0	0	0	0	0	0	0	0	0.9800557266461358	0	0	0	0	0
112232	0	0	0	0	0	0	0	0	0	0	0	0	0	0.9784249270799574	0	0	0	0	0
112417	0	0	0	0	0	0	0	0	0	0	0	0	0	0.9784096314999816	0	0	0	0	0
112497	0	0	0	0	0	0	0	0	0	0	0	0	0	0.9783745116381445	0	0	0	0	0
112218	0	0	0	0	0	0	0	0	0	0	0	0	0	0.9779877552464876	0	0	0	0	0
112410	0	0	0	0	0	0	0	0	0	0	0	0	0	0.9777628032345014	0	0	0	0	0
112268	0	0	0	0	0	0	0	0	0	0	0	0	0	0.9775775775775776	0	0	0	0	0
112242	0	0	0	0	0	0	0	0	0	0	0	0	0	0.9775527426160338	0	0	0	0	0
112420	0	0	0	0	0	0	0	0	0	0	0	0	0	0.9773373439367093	0	0	0	0	0
112411	0	0	0	0	0	0	0	0	0	0	0	0	0	0.9771810212884374	0	0	0	0	0
112409	0	0	0	0	0	0	0	0	0	0	0	0	0	0.9770931688987379	0	0	0	0	0
112414	0	0	0	0	0	0	0	0	0	0	0	0	0	0.9770824578983096	0	0	0	0	0
112422	0	0	0	0	0	0	0	0	0	0	0	0	0	0.9769871127831585	0	0	0	0	0
112503	0	0	0	0	0	0	0	0	0	0	0	0	0	0.9765653606737459	0	0	0	0	0
112237	0	0	0	0	0	0	0	0	0	0	0	0	0	0.9763055158285339	0	0	0	0	0
112412	0	0	0	0	0	0	0	0	0	0	0	0	0	0.9762292943785053	0	0	0	0	0
112270	0	0	0	0	0	0	0	0	0	0	0	0	0	0.9761948138701646	0	0	0	0	0
112314	0	0	0	0	0	0	0	0	0	0	0	0	0	0.9761216657980765	0	0	0	0	0
112492	0	0	0	0	0	0	0	0	0	0	0	0	0	0.9760787282361847	0	0	0	0	0
112500	0	0	0	0	0	0	0	0	0	0	0	0	0	0.9760346103489498	0	0	0	0	0
112271	0	0	0	0	0	0	0	0	0	0	0	0	0	0.975828729281768	0	0	0	0	0
112326	0	0	0	0	0	0	0	0	0	0	0	0	0	0.9757294979947448	0	0	0	0	0
112490	0	0	0	0	0	0	0	0	0	0	0	0	0	0.9756076463973705	0	0	0	0	0
112235	0	0	0	0	0	0	0	0	0	0	0	0	0	0.9752658036389519	0	0	0	0	0
112312	0	0	0	0	0	0	0	0	0	0	0	0	0	0.9752608047690015	0	0	0	0	0
112265	0	0	0	0	0	0	0	0	0	0	0	0	0	0.9752212389380531	0	0	0	0	0
112489	0	0	0	0	0	0	0	0	0	0	0	0	0	0.9752057869792966	0	0	0	0	0
112220	0	0	0	0	0	0	0	0	0	0	0	0	0	0.9750388802488336	0	0	0	0	0
112491	0	0	0	0	0	0	0	0	0	0	0	0	0	0.9750348582431445	0	0	0	0	0
112499	0	0	0	0	0	0	0	0	0	0	0	0	0	0.9750068662455369	0	0	0	0	0
112273	0	0	0	0	0	0	0	0	0	0	0	0	0	0.9749410911727389	0	0	0	0	0
112321	0	0	0	0	0	0	0	0	0	0	0	0	0	0.9748620478234212	0	0	0	0	0
112277	0	0	0	0	0	0	0	0	0	0	0	0	0	0.9748210972700769	0	0	0	0	0
112276	0	0	0	0	0	0	0	0	0	0	0	0	0	0.974805598755832	0	0	0	0	0
112226	0	0	0	0	0	0	0	0	0	0	0	0	0	0.9747162373411269	0	0	0	0	0
112266	0	0	0	0	0	0	0	0	0	0	0	0	0	0.9746047349881216	0	0	0	0	0
112238	0	0	0	0	0	0	0	0	0	0	0	0	0	0.9744936777652984	0	0	0	0	0
112501	0	0	0	0	0	0	0	0	0	0	0	0	0	0.9744513855518181	0	0	0	0	0
112269	0	0	0	0	0	0	0	0	0	0	0	0	0	0.974417055296469	0	0	0	0	0
112419	0	0	0	0	0	0	0	0	0	0	0	0	0	0.9743995051716435	0	0	0	0	0
112240	0	0	0	0	0	0	0	0	0	0	0	0	0	0.9743919885550787	0	0	0	0	0
112248	0	0	0	0	0	0	0	0	0	0	0	0	0	0.9742850553505535	0	0	0	0	0
112502	0	0	0	0	0	0	0	0	0	0	0	0	0	0.9742114236999148	0	0	0	0	0
112504	0	0	0	0	0	0	0	0	0	0	0	0	0	0.9741476400122863	0	0	0	0	0
112243	0	0	0	0	0	0	0	0	0	0	0	0	0	0.9740368949387712	0	0	0	0	0
112274	0	0	0	0	0	0	0	0	0	0	0	0	0	0.9740172273226755	0	0	0	0	0
112280	0	0	0	0	0	0	0	0	0	0	0	0	0	0.9739951717419847	0	0	0	0	0
112424	0	0	0	0	0	0	0	0	0	0	0	0	0	0.9738029540658985	0	0	0	0	0
112315	0	0	0	0	0	0	0	0	0	0	0	0	0	0.9732560731000669	0	0	0	0	0
112227	0	0	0	0	0	0	0	0	0	0	0	0	0	0.9732486528098537	0	0	0	0	0
112221	0	0	0	0	0	0	0	0	0	0	0	0	0	0.9731925264012998	0	0	0	0	0
112223	0	0	0	0	0	0	0	0	0	0	0	0	0	0.9731816672201926	0	0	0	0	0
112246	0	0	0	0	0	0	0	0	0	0	0	0	0	0.9731758817549073	0	0	0	0	0
112416	0	0	0	0	0	0	0	0	0	0	0	0	0	0.9731226463855867	0	0	0	0	0
112279	0	0	0	0	0	0	0	0	0	0	0	0	0	0.9729078657961806	0	0	0	0	0
112320	0	0	0	0	0	0	0	0	0	0	0	0	0	0.972859450726979	0	0	0	0	0
112275	0	0	0	0	0	0	0	0	0	0	0	0	0	0.9724538477494296	0	0	0	0	0
112234	0	0	0	0	0	0	0	0	0	0	0	0	0	0.9724111996171071	0	0	0	0	0
112245	0	0	0	0	0	0	0	0	0	0	0	0	0	0.9722584511262294	0	0	0	0	0
112493	0	0	0	0	0	0	0	0	0	0	0	0	0	0.9720790378006873	0	0	0	0	0
112421	0	0	0	0	0	0	0	0	0	0	0	0	0	0.9720527920917026	0	0	0	0	0
112239	0	0	0	0	0	0	0	0	0	0	0	0	0	0.9720383676069798	0	0	0	0	0
112241	0	0	0	0	0	0	0	0	0	0	0	0	0	0.9720011935548041	0	0	0	0	0
112244	0	0	0	0	0	0	0	0	0	0	0	0	0	0.9718841400132087	0	0	0	0	0
112415	0	0	0	0	0	0	0	0	0	0	0	0	0	0.9715230521166407	0	0	0	0	0
112225	0	0	0	0	0	0	0	0	0	0	0	0	0	0.9713734519883005	0	0	0	0	0
112233	0	0	0	0	0	0	0	0	0	0	0	0	0	0.9706506364922206	0	0	0	0	0
112323	0	0	0	0	0	0	0	0	0	0	0	0	0	0.9703344937187831	0	0	0	0	0
112230	0	0	0	0	0	0	0	0	0	0	0	0	0	0.9703072553576039	0	0	0	0	0
112236	0	0	0	0	0	0	0	0	0	0	0	0	0	0.9702885439481953	0	0	0	0	0
112418	0	0	0	0	0	0	0	0	0	0	0	0	0	0.9700969081679741	0	0	0	0	0
112317	0	0	0	0	0	0	0	0	0	0	0	0	0	0.9698420296792724	0	0	0	0	0
112217	0	0	0	0	0	0	0	0	0	0	0	0	0	0.9690637720488466	0	0	0	0	0
112267	0	0	0	0	0	0	0	0	0	0	0	0	0	0.9690225172458675	0	0	0	0	0
112325	0	0	0	0	0	0	0	0	0	0	0	0	0	0.9688686019078879	0	0	0	0	0
112224	0	0	0	0	0	0	0	0	0	0	0	0	0	0.9687776513715081	0	0	0	0	0
112247	0	0	0	0	0	0	0.0044397528641063055	0	0	0	0	0	0	0.9677729827066968	0	0	0	0	0
112316	0	0	0	0	0	0	0	0	0	0	0	0	0	0.9675041528239202	0	0	0	0	0
112423	0	0	0	0	0	0	0	0	0	0	0	0	0	0.9662409535972755	0	0	0	0	0
112231	0	0	0	0	0	0	0	0	0	0	0	0	0	0.9659195296711373	0	0	0	0	0
112413	0	0	0	0	0	0	0	0	0	0	0	0	0	0.9643186534470832	0	0	0	0	0
112313	0	0	0	0	0	0	0	0	0	0	0	0	0	0.964039823666353	0	0	0	0	0
112398	0	0	0	0	0.006805614632071459	0	0	0	0	0	0	0.0004519353466609953	0	0.9638451722671203	0	0	0	0	0
112272	0	0	0	0	0	0	0	0	0	0	0	0	0	0.9590252707581227	0	0	0	0	0
112322	0	0	0	0	0	0.009395851300440287	0	0	0	0	0.001361717579773955	0	0	0.959012300848804	0	0	0	0	0
112219	0	0	0	0	0	0	0	0	0	0	0	0	0	0.9577562326869806	0	0	0	0	0
112498	0	0	0	0	0	0	0	0	0	0	0	0	0	0.9571826161421537	0	0	0	0	0
112278	0	0	0	0	0	0	0	0	0	0	0	0	0	0.9524953295970109	0	0	0	0	0
112311	0	0	0	0.020786219506327287	0	0	0	0	0	0	0	0	0	0.9522686811336188	0	0	0	0	0
112228	0	0	0	0	0	0	0	0	0	0	0	0	0	0.9509969584319027	0	0	0	0	0
112229	0	0	0	0	0	0	0	0.018663510560815732	0	0	0	0	0	0.9506554989075018	0	0	0	0	0
112324	0	0	0	0	0	0	0	0	0	0	0	0	0	0.930104304040283	0	0	0	0	0
112319	0	0	0	0.04001507159005275	0	0	0	0	0.0008289374529012811	0	0	0	0	0.9280331574981161	0	0	0	0	0
112318	0	0	0	0	0	0	0.03630259154338474	0	0	0	0	0	0	0.9224635400272795	0	0	0	0	0
112562	0	0	0	0	0	0	0.07077810481401733	0	0	0	0	0	0	0.876577840112202	0	0	0	0	0
112538	0.1206529209621993	0	0	0	0	0	0	0	0	0	0	0	0	0.827938144329897	0	0	0	0	0
112290	0	0	0	0	0	0	0	0.13160714285714287	0	0	0	0	0	0.7991071428571429	0	0	0	0	0
112552	0.14142587483664876	0	0	0	0	0	0	0	0	0	0	0	0	0.7978219834470742	0	0	0	0	0
112567	0.1737464241377449	0	0	0	0	0	0	0	0	0	0	0	0	0.7820298303377053	0	0	0	0	0
112557	0	0	0	0.16884306987399772	0	0	0	0	0	0	0	0	0	0.7790541646211749	0	0	0	0	0
112556	0.1805140265412397	0	0	0	0	0	0	0	0	0	0	0	0	0.7711406013774567	0	0	0	0	0
112566	0.16049558530333238	0	0	0	0	0	0	0	0	0	0	0	0	0.7636001139276559	0	0	0	0	0
112540	0.1765370989220835	0	0	0	0	0	0	0	0	0	0	0	0	0.7610492725947888	0	0	0	0	0
112563	0.201847787802433	0	0	0	0	0	0	0	0	0	0	0	0	0.7467013465550407	0	0	0	0	0
112568	0.20039917669806026	0	0	0	0	0	0	0	0	0	0	0	0	0.7458367117819497	0	0	0	0	0
112294	0	0	0	0	0	0	0	0.17342452369320957	0.0017912392118547467	0	0	0	0	0.7432014329913694	0	0	0	0	0
112555	0.19508562918838424	0	0	0	0	0	0	0	0	0	0	0	0	0.7419955323901712	0	0	0	0	0
112284	0	0	0	0.19751398384089497	0	0	0	0	0	0	0	0	0	0.7419515226848975	0	0	0	0	0
112285	0	0	0	0.1724573594440935	0	0	0	0	0	0	0	0	0	0.7346809854706253	0	0	0	0	0
112291	0	0	0	0.20322637208486757	0	0	0	0	0	0	0	0	0	0.7224267929160091	0	0	0	0	0
112541	0.2089474467768349	0	0	0	0	0	0	0	0	0	0	0	0	0.7173837526673613	0	0	0	0	0
112565	0.22312148341140275	0	0	0	0	0	0	0	0	0	0	0	0	0.7133512569638848	0	0	0	0	0
112537	0.22148067670339905	0	0	0	0	0	0	0	0	0	0	0	0	0.7004811423250039	0	0	0	0	0
112283	0.23867236610510437	0	0	0	0	0	0	0	0	0	0	0	0	0.6980135780739251	0	0	0	0	0
112561	0	0	0	0.24621313754664972	0	0	0	0	0	0	0	0	0	0.6930507110276362	0	0	0	0	0
112558	0.24789336224313804	0	0	0	0	0	0	0	0	0	0	0	0	0.6897452323461292	0	0	0	0	0
112554	0	0	0	0.25022233289459644	0	0	0	0	0	0	0	0	0	0.6796271922023408	0	0	0	0	0
112560	0.26226911436087463	0	0	0	0	0	0	0	0	0	0	0	0	0.6727859021865189	0	0	0	0	0
112553	0	0	0	0.27377437824297723	0	0	0	0	0	0	0	0	0	0.6644301306137056	0	0	0	0	0
112564	0	0	0	0.2703460008506167	0	0	0	0	0	0	0	0	0	0.6594781216381878	0	0	0	0	0
112200	0.2834547908232119	0	0	0	0	0	0	0	0	0	0	0	0	0.6578137651821863	0	0	0	0	0
112185	0.2945767407170635	0	0	0	0	0	0	0	0	0	0	0	0	0.6456768419370306	0	0	0	0	0
112559	0.29784551285565486	0	0	0	0	0	0	0	0	0	0	0	0	0.6348610273559564	0	0	0	0	0
112545	0.31080008355964067	0	0	0	0	0	0	0	0	0	0	0	0	0.5957384583246292	0	0	0	0	0
112288	0.33165449508939815	0	0	0	0	0	0	0	0	0	0	0	0	0.5915386552505667	0	0	0	0	0
112195	0.382222673022957	0	0	0	0	0	0	0	0	0	0	0	0	0.5510700882442439	0	0	0	0	0
112521	0	0.37617175687934684	0	0	0	0	0	0	0	0	0	0	0	0.5459328696703962	0	0	0	0	0
112529	0	0.36568919554649526	0	0	0	0	0	0	0	0	0	0	0	0.5454367257331033	0	0	0	0	0
112188	0.4056961066505075	0	0	0	0	0	0	0	0	0	0	0	0	0.531055900621118	0	0	0	0	0
112287	0	0	0	0.38615343961948384	0	0	0	0	0	0	0	0	0	0.5235620540826212	0	0	0	0	0
112263	0.8943852237559562	0	0	0	0	0	0	0	0	0	0	0	0	0	0	0	0	0	0
112487	0.8862939139040079	0	0	0	0	0	0	0	0	0	0	0	0	0	0	0	0	0	0
112254	0.886058648111332	0	0	0	0	0	0	0	0	0	0	0	0	0	0	0	0	0	0
112357	0.8860211769497048	0	0	0	0	0	0	0	0	0	0	0	0	0	0	0	0	0	0
112448	0.8857475030386303	0	0	0	0	0	0	0	0	0	0	0	0	0	0	0	0	0	0
112475	0.8828465386477328	0	0	0	0	0	0	0	0	0	0	0	0	0	0	0	0	0	0
112486	0.8828061638280617	0	0	0	0	0	0	0	0	0	0	0	0	0	0	0	0	0	0
112264	0.8823187352353262	0	0	0	0	0	0	0	0	0	0	0	0	0	0	0	0	0	0
112249	0.8822302217131637	0	0	0	0	0	0	0	0	0	0	0	0	0	0	0	0	0	0
112259	0.8821824160609207	0	0	0	0	0	0	0	0	0	0	0	0	0	0	0	0	0	0
112250	0.8805017605633803	0	0	0	0	0	0	0	0	0	0	0	0	0	0	0	0	0	0
112488	0.8783542039355993	0	0	0	0	0	0	0	0	0	0	0	0	0	0	0	0	0	0
112473	0.8783384578284199	0	0	0	0	0	0	0	0	0	0	0	0	0	0	0	0	0	0
112258	0.8771094954835867	0	0	0	0	0	0	0	0	0	0	0	0	0	0	0	0	0	0
112451	0.8760144057623049	0	0	0	0	0	0	0	0	0	0	0	0	0	0	0	0	0	0
112478	0.8753124132185504	0	0	0	0	0	0	0	0	0	0	0	0	0	0	0	0	0	0
112341	0.8749360426869381	0	0	0	0	0	0	0	0	0	0	0	0	0	0	0	0	0	0
112260	0.8744202874716311	0	0	0	0	0	0	0	0	0	0	0	0	0	0	0	0	0	0
112255	0.8743589743589744	0	0	0	0	0	0	0	0	0	0	0	0	0	0	0	0	0	0
112262	0.8740877479179188	0	0	0	0	0	0	0	0	0	0	0	0	0	0	0	0	0	0
112447	0.8740545552139756	0	0	0	0	0	0	0	0	0	0	0	0	0	0	0	0	0	0
112261	0.8738320648474723	0	0	0	0	0	0	0	0	0	0	0	0	0	0	0	0	0	0
112252	0.8733918437841458	0	0	0	0	0	0	0	0	0	0	0	0	0	0	0	0	0	0
112474	0.8731868322765569	0	0	0	0	0	0	0	0	0	0	0	0	0	0	0	0	0	0
112253	0.8731066624298274	0	0	0	0	0	0	0	0	0	0	0	0	0	0	0	0	0	0
112442	0.8723249532516102	0	0	0	0	0	0	0	0	0	0	0	0	0	0	0	0	0	0
112482	0.871045659965716	0	0	0	0	0	0	0	0	0	0	0	0	0	0	0	0	0	0
112484	0.8705205873292946	0	0	0	0	0	0	0	0	0	0	0	0	0	0	0	0	0	0
112337	0.8703767955034348	0	0	0	0	0	0	0	0	0	0	0	0	0	0	0	0	0	0
112257	0.8696135462595872	0	0	0	0	0	0	0	0	0	0	0	0	0	0	0	0	0	0
112456	0.8695193322459944	0	0	0	0	0	0	0	0	0	0	0	0	0	0	0	0	0	0
112483	0.8685932388222465	0	0	0	0	0	0	0	0	0	0	0	0	0	0	0	0	0	0
112477	0.8678701747647398	0	0	0	0	0	0	0	0	0	0	0	0	0	0	0	0	0	0
112251	0.867047891350965	0	0	0	0	0	0	0	0	0	0	0	0	0	0	0	0	0	0
112480	0.8670009551098377	0	0	0	0	0	0	0	0	0	0	0	0	0	0	0	0	0	0
112444	0.8658708766525478	0	0	0	0	0	0	0	0	0	0	0	0	0	0	0	0	0	0
112336	0.8658554792475366	0	0	0	0	0	0	0	0	0	0	0	0	0	0	0	0	0	0
112479	0.8639234059889997	0	0	0	0	0	0	0	0	0	0	0	0	0	0	0	0	0	0
112452	0.8638026160808382	0	0	0	0	0	0	0	0	0	0	0	0	0	0	0	0	0	0
112297	0.8637082948701041	0	0	0	0	0	0	0	0	0	0	0	0	0	0	0	0	0	0
112450	0.8622708513293023	0	0	0	0	0	0	0	0	0	0	0	0	0	0	0	0	0	0
112481	0.8616880861410212	0	0	0	0	0	0	0	0	0	0	0	0	0	0	0	0	0	0
112454	0.8611156820799737	0	0	0	0	0	0	0	0	0	0	0	0	0	0	0.013438648455926717	0	0	0
112347	0.8605908371102496	0	0	0	0	0	0	0	0	0	0	0	0	0	0	0	0	0	0
112335	0.8604847563550376	0	0	0	0	0	0	0	0	0	0	0	0	0	0	0	0	0	0
112333	0.8597260824431571	0	0	0	0	0	0	0	0	0	0	0	0	0	0	0	0	0	0
112334	0.8591163464172504	0	0	0	0	0	0	0	0	0	0	0	0	0	0	0	0	0	0
112256	0.857826547704509	0	0	0	0	0	0	0	0	0	0	0	0	0	0	0	0	0	0
112340	0.8575366199401481	0	0	0	0	0	0	0	0	0	0	0	0	0	0	0	0	0	0
112301	0.8570371153642804	0	0	0	0	0	0	0	0	0	0	0	0	0	0	0	0	0	0
112348	0.8567802346570397	0	0	0	0	0	0	0	0	0	0	0	0	0	0	0	0	0	0
112295	0.8562997934493952	0	0	0	0	0	0	0	0	0	0	0	0	0	0	0	0	0	0
112327	0.8551871163280508	0	0	0	0	0	0	0	0	0	0	0	0	0	0	0	0	0	0
112349	0.8551431601272534	0	0	0	0	0	0	0	0	0	0	0	0	0	0.02863202545068929	0	0	0	0
112446	0.8549755464617227	0	0	0	0	0	0	0	0	0	0	0	0	0	0	0	0	0	0
112350	0.8548475442760636	0	0	0	0	0	0	0	0	0	0	0	0	0	0.028939200292130728	0	0	0	0
112380	0.8546997171851606	0	0	0	0	0	0	0	0	0	0	0	0	0	0	0	0	0	0
112303	0.8539351851851852	0	0	0	0	0	0	0	0	0	0	0	0	0	0	0	0	0	0
112310	0.8536856464406608	0	0	0	0	0	0	0	0	0	0	0	0	0	0	0	0	0	0
112302	0.8529569892473119	0	0	0	0	0	0	0	0	0	0	0	0	0	0	0	0	0	0
112300	0.8526280771789754	0	0	0	0	0	0	0	0	0	0	0	0	0	0	0	0	0	0
112329	0.8512063931151068	0	0	0	0	0	0	0	0	0	0	0	0	0	0	0	0	0	0
112381	0.8505368214123695	0	0	0	0	0	0	0	0	0	0	0	0	0	0	0	0	0	0
112389	0.8493195876288661	0	0	0	0	0	0	0	0	0	0	0	0	0	0	0	0	0	0
112331	0.8492019812878372	0	0	0	0	0	0	0	0	0	0	0	0	0	0	0	0	0	0
112377	0.8474679496939614	0	0	0	0	0	0	0	0	0	0	0	0	0	0	0	0	0	0
112382	0.8449858644896922	0	0	0	0	0	0	0	0	0	0	0	0	0	0	0	0	0	0
112299	0.8446139180171592	0	0	0	0	0	0	0	0	0	0	0	0	0	0	0	0	0	0
112328	0.8441855834328953	0	0	0	0	0	0	0	0	0	0	0	0	0	0	0	0	0	0
112383	0.8423260975102296	0	0	0	0	0	0	0	0	0	0	0	0	0	0	0	0	0	0
112386	0.8419655958290406	0	0	0	0	0	0	0	0	0	0	0	0	0	0	0	0	0	0
112455	0.8394698085419734	0	0	0	0	0	0	0	0	0	0	0	0	0	0	0	0	0	0
112385	0.8394138392314241	0	0	0	0	0	0	0	0	0	0	0	0	0	0	0	0	0	0
112388	0.8387087583338082	0	0	0	0	0	0	0	0	0	0	0	0	0	0	0	0	0	0
112379	0.8368556701030928	0	0	0	0	0	0	0	0	0	0	0	0	0	0	0	0	0	0
112309	0.836603589134837	0	0	0	0	0	0	0	0	0	0	0	0	0	0.01752670902869911	0	0	0	0
112338	0.8364391600929842	0	0	0	0	0	0	0	0	0	0	0	0	0	0	0	0	0	0
112330	0.8355583810129265	0	0	0	0	0	0	0	0	0	0	0	0	0	0	0	0	0	0
112306	0.83549428305706	0	0	0	0	0	0	0	0	0	0	0	0	0	0	0	0	0	0
112445	0.8332574550421125	0	0	0	0	0	0	0	0	0	0	0	0	0	0	0	0	0	0
112376	0.8319813352476669	0	0	0	0	0	0	0	0	0	0	0	0	0	0	0	0	0	0
112345	0.8312128186200008	0	0	0	0	0	0	0	0	0	0	0	0	0	0	0	0.04772243692735247	0	0
112344	0.8305432621384132	0	0	0	0	0	0	0	0	0	0	0	0	0.05551279584375602	0	0	0	0	0
112202	0.8297471125029464	0	0	0	0	0	0	0	0	0	0	0	0	0	0	0	0	0	0
112352	0.8203783064873652	0	0	0	0	0	0	0	0	0	0	0	0	0.06502142751588592	0	0	0	0	0
112216	0.8165667166416791	0	0	0	0	0	0	0	0	0	0	0	0	0	0	0	0	0	0
112214	0.8114266842800528	0	0	0	0	0	0	0	0	0	0	0	0	0	0	0	0	0	0
112356	0.8082182025352515	0	0	0	0	0	0	0	0	0	0	0	0	0.07776669990029911	0	0	0	0	0
112449	0.8044151433423234	0	0	0	0	0	0	0	0	0	0	0	0	0	0.07721506343022676	0	0	0	0
112465	0.8003019489431787	0	0	0	0	0	0	0	0	0	0	0	0	0	0	0	0	0	0
112467	0.7981922760887428	0	0	0	0	0	0	0	0	0	0	0	0	0	0	0	0	0	0
112346	0.795905642730957	0	0	0	0	0	0	0	0	0	0	0	0	0.09123973812740309	0	0	0	0	0
112472	0.7920525607535819	0	0	0	0	0	0	0	0	0	0	0	0	0	0	0	0	0	0
112457	0.7914265690702382	0	0	0	0	0	0	0	0	0	0	0	0	0	0	0	0	0	0
112459	0.7903760265091485	0	0	0	0	0	0	0	0	0	0	0	0	0	0	0	0	0	0
112458	0.7902131782945736	0	0	0	0	0	0	0	0	0	0	0	0	0	0	0	0	0	0
112462	0.7881318191939435	0	0	0	0	0	0	0	0	0	0	0	0	0	0	0	0	0	0
112366	0.787661925899085	0	0	0	0	0	0	0	0	0	0	0	0	0	0	0	0	0	0
112460	0.7871502808251535	0	0	0	0	0	0	0	0	0	0	0	0	0	0	0	0	0	0
112461	0.7840366622111896	0	0	0	0	0	0	0	0	0	0	0	0	0	0	0	0	0	0
112466	0.77938755350675	0	0	0	0	0	0	0	0	0	0	0	0	0	0	0	0	0	0
112354	0.7664242139840449	0	0	0	0	0	0	0	0	0	0	0	0	0	0	0.09631628343500703	0	0	0
112551	0.7368475416609283	0	0	0	0	0	0	0	0	0	0	0	0	0.06021897810218978	0	0	0	0	0
112373	0.7356129286558928	0	0	0	0	0	0	0	0	0	0	0	0	0	0	0	0	0	0
112189	0.7151371724077483	0	0	0	0	0	0	0	0	0	0	0	0	0.17258304847050573	0	0	0	0	0
112198	0.7002065821342072	0	0	0	0	0	0	0	0	0	0	0	0	0.19657358598090893	0	0	0	0	0
112355	0.691938644503007	0	0	0	0	0	0	0	0	0	0	0	0	0.20055409149266842	0	0	0	0	0
112196	0.6744293372146687	0	0	0	0	0	0	0	0	0	0	0	0	0.22720011360005682	0	0	0	0	0
112550	0.6607630017754298	0	0	0	0	0	0	0	0	0	0	0	0	0.1595721647252414	0	0	0	0	0
112351	0.65416679874473	0	0	0	0	0	0	0	0	0	0	0	0	0.257235236314071	0	0	0	0	0
112543	0.6485780458903371	0	0	0	0	0	0	0	0	0	0	0	0	0.1824841107400625	0	0	0	0	0
112548	0.626298772640236	0	0	0	0	0	0	0	0	0	0	0	0	0.2120413096022852	0	0	0	0	0
112549	0.6023503831020915	0	0	0	0	0	0	0	0	0	0	0	0	0.25786912404224477	0	0	0	0	0
112353	0.6023470197226249	0	0	0	0	0	0	0	0	0	0	0	0	0.3082036272122986	0	0	0	0	0
112199	0.597018184086585	0	0	0	0	0	0	0	0	0	0	0	0	0.30791304076603976	0	0	0	0	0
112343	0.5885299135890804	0	0	0	0	0	0	0	0	0	0	0	0	0.31823435522043036	0	0	0	0	0
112192	0.5684986197613671	0	0	0	0	0	0	0	0	0	0	0	0	0.3425957611844957	0	0	0	0	0
112544	0.5583607275914968	0	0	0	0	0	0	0	0	0	0	0	0	0.3070786763094456	0	0	0	0	0
112441	0.5561654088442587	0	0	0	0	0	0	0	0	0	0	0	0	0.3489053826482879	0	0	0	0	0
112186	0.542115883539925	0	0	0	0	0	0	0	0	0	0	0	0	0.3822427212453156	0	0	0	0	0
112194	0.5369019880775865	0	0	0	0	0	0	0	0	0	0	0	0	0.38254607074772295	0	0	0	0	0
112191	0.5244538368646393	0	0	0	0	0	0	0	0	0	0	0	0	0.3897793391151608	0	0	0	0	0
112358	0.5211288953558869	0	0	0	0	0	0	0	0	0	0	0	0	0.39556808536437493	0	0	0	0	0
112289	0.5157846401102055	0	0	0	0	0	0	0	0	0	0	0	0	0.36562966364366895	0	0	0	0	0
112282	0.48325643696978715	0	0	0	0	0	0	0	0	0	0	0	0	0.4192588182765292	0	0	0	0	0
112547	0.48286387697538735	0	0	0	0	0	0	0	0	0	0	0	0	0.37595147019048725	0	0	0	0	0
112187	0.480991623427273	0	0	0	0	0	0	0	0	0	0	0	0	0.43704005154813985	0	0	0	0	0
112190	0.46143340656730597	0	0	0	0	0	0	0	0	0	0	0	0	0.4553767590998159	0	0	0	0	0
112546	0.44975548193721404	0	0	0	0	0	0	0	0	0	0	0	0	0.4266708734290372	0	0	0	0	0
112539	0.44903365054449135	0	0	0	0	0	0	0	0	0	0	0	0	0.417345236927303	0	0	0	0	0
112542	0.4467293256796821	0	0	0	0	0	0	0	0	0	0	0	0	0	0.4365104396644168	0	0	0	0
112197	0.42614701001124256	0	0	0	0	0	0	0	0	0	0	0	0	0	0	0.427110659028856	0	0	0
112426	0	0.8676470588235294	0	0	0	0	0	0	0	0	0	0	0	0	0	0	0	0	0
112431	0	0.8553673771653036	0	0	0	0	0	0	0	0	0	0	0	0	0	0	0	0	0
112433	0	0.8537985865724381	0	0	0	0	0	0	0	0	0	0	0	0	0	0	0	0	0
112427	0	0.8528510838831291	0	0	0	0	0	0	0	0	0	0	0	0	0	0	0	0	0
112536	0	0.8471678563205158	0	0	0	0	0	0	0	0	0	0	0	0	0	0	0	0	0
112436	0	0.845874944341963	0	0	0	0	0	0	0	0	0	0	0	0	0	0	0	0	0
112432	0	0.8449944859698566	0	0	0	0	0	0	0	0	0	0	0	0	0	0	0	0	0
112434	0	0.8439132645984557	0	0	0	0	0	0	0	0	0	0	0	0	0	0	0	0	0
112429	0	0.8436230474337701	0	0	0	0	0	0	0	0	0	0	0	0	0	0	0	0	0
112435	0	0.8433300876338851	0	0	0	0	0	0	0	0	0	0	0	0	0	0	0	0	0
112440	0	0.8430432829114872	0	0	0	0	0	0	0	0	0	0	0	0	0	0	0	0	0
112511	0	0.842003209414282	0	0	0	0	0	0	0	0	0	0	0	0	0.04005081572612998	0	0	0	0
112438	0	0.8418611841088267	0	0	0	0	0	0	0	0	0	0	0	0	0	0	0	0	0
112526	0	0.8415199539407897	0	0	0	0	0	0	0	0	0	0	0	0	0	0	0	0	0
112430	0	0.8412765064035271	0	0	0	0	0	0	0	0	0	0	0	0	0	0	0	0	0
112425	0	0.8402463321861982	0	0	0	0	0	0	0	0	0	0	0	0	0	0	0	0	0
112527	0	0.839693307893435	0	0	0	0	0	0	0	0	0	0	0	0	0	0	0	0	0
112428	0	0.8390486725663717	0	0	0	0	0	0	0	0	0	0	0	0	0	0	0	0	0
112525	0	0.8388511426806671	0	0	0	0	0	0	0	0	0	0	0	0	0.009079678814082767	0	0	0	0
112523	0	0.8373939664519421	0	0	0	0	0	0	0	0	0	0	0	0	0	0	0	0	0
112510	0	0.8348001466813347	0	0	0	0	0	0	0	0	0	0	0	0	0	0.03997066373303997	0	0	0
112528	0	0.8344788258951349	0	0	0	0	0	0	0	0	0	0	0	0	0	0	0	0	0
112518	0	0.8338245080330831	0	0	0	0	0	0	0	0	0	0	0	0.03431885160186329	0	0	0	0	0
112439	0	0.8326850613832503	0	0	0	0	0	0	0	0	0	0	0	0	0	0	0	0	0
112522	0	0.8319862355953905	0	0	0	0	0	0	0	0	0	0	0	0	0.02208706786171575	0	0	0	0
112437	0	0.8314899154196487	0	0	0	0	0	0	0	0	0	0	0	0	0	0	0	0	0
112519	0	0.8265590755130504	0	0	0	0	0	0	0	0	0	0	0	0	0.061466427575214186	0	0	0	0
112524	0	0.8217285733035832	0	0	0	0	0	0	0	0	0	0	0	0	0.020868880430502692	0	0	0	0
112534	0	0.8173536085616554	0	0	0	0	0	0	0	0	0	0	0	0	0.013682392386629187	0	0	0	0
112533	0	0.7930113123742105	0	0	0	0	0	0	0	0	0	0	0	0.06822125060725935	0	0	0	0	0
112535	0	0.7748556767158434	0	0	0	0	0	0	0	0	0	0	0	0.06574727389352149	0	0	0	0	0
112514	0	0.7491201608848668	0	0	0	0	0	0	0	0	0	0	0	0.1294261294261294	0	0	0	0	0
112530	0	0.7490971469844709	0	0	0	0	0	0	0	0	0	0	0	0.11773203322499097	0	0	0	0	0
112517	0	0.7410926365795724	0	0	0	0	0	0	0	0	0	0	0	0.1250989707046714	0	0	0	0	0
112512	0	0.7329200977287124	0	0	0	0	0	0	0	0	0	0	0	0.13781558230024432	0	0	0	0	0
112506	0	0.7247990105132962	0	0	0	0	0	0	0	0	0	0	0	0.15487233854580792	0	0	0	0	0
112507	0	0.7226078334159642	0	0	0	0	0	0	0	0	0	0	0	0.15418939018344074	0	0	0	0	0
112531	0	0.6871580579847499	0	0	0	0	0	0	0	0	0	0	0	0.18804118381941154	0	0	0	0	0
112509	0	0.6670442477876106	0	0	0	0	0	0	0	0	0	0	0	0.21833628318584072	0	0	0	0	0
112532	0	0.6524655606819149	0	0	0	0	0	0	0	0	0	0	0	0.22080429305323776	0	0	0	0	0
112513	0	0.6347640629165556	0	0	0	0	0	0	0	0	0	0	0	0.22540655825113304	0	0	0	0	0
112516	0	0.6011481505642899	0	0	0	0	0	0	0	0	0	0	0	0.2888642442429382	0	0	0	0	0
112508	0	0.5999613177744826	0	0	0	0	0	0	0	0	0	0	0	0.2953387918251563	0	0	0	0	0
112515	0	0.5637727106450432	0	0	0	0	0	0	0	0	0	0	0	0.3423363004511645	0	0	0	0	0
112505	0	0.5396212634983567	0	0	0	0	0	0	0	0	0	0	0	0.36360790860243103	0	0	0	0	0
112520	0	0.5247120029728726	0	0	0	0	0	0	0	0	0	0	0	0.38955247650899827	0	0	0	0	0
112368	0	0	0.8574457298243996	0	0	0	0	0	0	0	0	0	0	0	0	0	0	0	0
112365	0	0	0.8571242722867272	0	0	0	0	0	0	0	0	0	0	0	0	0	0	0	0
112371	0	0	0.8492415989273443	0	0	0	0	0	0	0	0	0	0	0	0	0	0	0	0
112372	0	0	0.8474678520400064	0	0	0	0	0	0	0	0	0	0	0	0	0	0	0	0
112367	0	0	0.8378110859728507	0	0	0	0	0	0	0	0	0	0	0	0	0	0	0	0
112215	0	0	0.8376234962027017	0	0	0	0	0	0	0	0	0	0	0	0	0	0	0	0
112364	0	0	0.8362777061692824	0	0	0	0	0	0	0	0	0	0	0	0	0	0	0	0
112363	0	0	0.8347582943485509	0	0	0	0	0	0	0	0	0	0	0	0	0	0	0	0
112374	0	0	0.834575908528635	0	0	0	0	0	0	0	0	0	0	0	0	0	0	0	0
112360	0	0	0.8336884372695239	0	0	0	0	0	0	0	0	0	0	0	0	0	0	0	0
112209	0	0	0.8332005063053772	0	0	0	0	0	0	0	0	0	0	0	0	0	0	0	0
112207	0	0	0.8316645807259073	0	0	0	0	0	0	0	0	0	0	0	0	0	0	0	0
112370	0	0	0.8314222206541297	0	0	0	0	0	0	0	0	0	0	0	0	0	0	0	0
112369	0	0	0.8309580364212193	0	0	0	0	0	0	0	0	0	0	0	0	0	0	0	0
112203	0	0	0.8287708984016168	0	0	0	0	0	0	0	0	0	0	0	0	0	0	0	0
112361	0	0	0.8284950953026557	0	0	0	0	0	0	0	0	0	0	0	0	0	0	0	0
112204	0	0	0.8282838709677419	0	0	0	0	0	0	0	0	0	0	0	0	0	0	0	0
112201	0	0	0.8244873341375151	0	0	0	0	0	0	0	0	0	0	0	0	0	0	0	0
112211	0	0	0.8224474154815635	0	0	0	0	0	0	0	0	0	0	0	0	0	0	0	0
112210	0	0	0.8178046218487395	0	0	0	0	0	0	0	0	0	0	0	0	0	0	0	0
112362	0	0	0.8154397865006117	0	0	0	0	0	0	0	0	0	0	0	0	0	0	0	0
112208	0	0	0.8070812083169872	0	0	0	0	0	0	0	0	0	0	0	0	0	0	0	0
112471	0	0	0.8038478140223223	0	0	0	0	0	0	0	0	0	0	0	0	0	0	0	0
112469	0	0	0.8032574228884405	0	0	0	0	0	0	0	0	0	0	0	0	0	0	0	0
112206	0	0	0.796298348664524	0	0	0	0	0	0	0	0	0	0	0	0	0	0	0	0
112463	0	0	0.7769927136233163	0	0	0	0	0	0	0	0	0	0	0	0	0	0	0	0
112468	0	0	0.7721438056361579	0	0	0	0	0	0	0	0	0	0	0	0	0	0	0	0
112212	0	0	0.7501993620414673	0	0	0	0	0	0	0	0	0	0	0	0	0	0	0	0
112213	0	0	0.7352564102564103	0	0	0	0	0	0	0	0	0	0	0	0	0	0	0	0
112296	0	0	0	0.8613373914600303	0	0	0	0	0	0	0	0	0	0	0	0	0	0	0
112339	0	0	0	0.8567915586157561	0	0	0	0	0	0	0	0	0	0	0	0	0	0	0
112307	0	0	0	0.8558642799893134	0	0	0	0	0	0	0	0	0	0	0	0	0	0	0
112342	0	0	0	0.8520663807271416	0	0	0	0	0	0	0	0	0	0	0	0	0	0	0
112298	0	0	0	0.8520352276212593	0	0	0	0	0	0	0	0	0	0	0	0	0	0	0
112387	0	0	0	0.8509177779793765	0	0	0	0	0	0	0	0	0	0	0	0	0	0	0
112305	0	0	0	0.8504828118964851	0	0	0	0	0	0	0	0	0	0	0	0	0	0	0
112308	0	0	0	0.8498631290798062	0	0	0	0	0	0	0	0	0	0	0	0	0	0	0
112384	0	0	0	0.849201403692893	0	0	0	0	0	0	0	0	0	0	0	0	0	0	0
112332	0	0	0	0.8483607747480907	0	0	0	0	0	0	0	0	0	0	0	0	0	0	0
112375	0	0	0	0.8429958976833977	0	0	0	0	0	0	0	0	0	0	0	0	0	0	0
112378	0	0	0	0.8349978942301908	0	0	0	0	0	0	0	0	0	0	0	0	0	0	0
112390	0	0	0	0.8305423644088978	0	0	0	0	0	0	0	0	0	0	0	0	0	0	0
112304	0	0	0	0.8106757822771496	0	0	0	0	0	0	0	0	0	0	0	0	0	0	0
112464	0	0	0	0.7937701938610662	0	0	0	0	0	0	0	0	0	0	0	0	0	0	0
112281	0	0	0	0.7121732493798894	0	0	0	0	0	0	0	0	0	0.14300705972142722	0	0	0	0	0
112286	0	0	0	0.5658914728682171	0	0	0	0	0.01065891472868217	0	0	0	0	0	0.32041343669250644	0	0	0	0
112495	0	0	0	0	0	0	0	0	0	0	0	0	0	0	0.9514760773668137	0	0	0	0
112494	0	0	0	0	0	0	0	0	0	0	0	0	0	0	0.9382362304998408	0	0	0	0
112394	0	0	0	0	0.8488087965791081	0	0	0	0	0	0	0	0	0	0	0	0	0	0
112400	0	0	0	0	0.8446049359096997	0	0	0	0	0	0	0	0	0	0	0	0	0	0
112405	0	0	0	0	0.8422626996421132	0	0	0	0	0	0	0	0	0	0	0	0	0	0
112397	0	0	0	0	0.8335933218095198	0	0	0	0	0	0	0	0	0	0	0	0	0	0
112399	0	0	0	0	0.829025682837342	0	0	0	0	0	0	0	0	0	0	0	0	0	0
112395	0	0	0	0	0.8285136924256149	0	0	0	0	0	0	0	0	0	0	0	0	0	0
112402	0	0	0	0	0.8281445658275399	0	0	0	0	0	0	0	0	0	0	0	0	0	0
112391	0	0	0	0	0.8277632645707594	0	0	0	0	0	0	0	0	0	0	0	0	0	0
112393	0	0	0	0	0.8233576005928768	0	0	0	0	0	0	0	0	0	0	0	0	0	0
112403	0	0	0	0	0.8151623924231285	0	0	0	0	0	0	0	0	0	0	0	0	0	0
112359	0	0	0	0	0.8151347975434579	0	0	0	0	0	0	0	0	0	0	0	0	0	0
112404	0	0	0	0	0.7973253817656094	0	0	0	0	0	0	0	0	0	0	0	0	0.026565464895635674	0
112401	0	0	0	0	0.7943645662452958	0	0	0	0	0	0	0	0	0	0	0	0	0	0
112470	0	0	0	0	0.7904761904761904	0	0	0	0	0	0	0	0	0	0	0	0	0	0
112406	0	0	0	0	0	0.5803698435277382	0	0	0	0	0	0	0	0	0	0	0	0	0
112485	0	0	0	0	0	0.5542691751085383	0	0	0	0.17655571635311143	0	0	0	0	0	0	0	0	0
112392	0	0	0	0	0	0.5413965549175773	0	0	0	0.10964993517318022	0	0	0	0	0	0	0	0	0
112443	0	0	0	0	0	0.4169653524492234	0	0	0	0	0	0.09438470728793309	0.3034647550776583	0	0	0	0	0	0
112292	0	0	0	0	0	0.3181257706535142	0	0	0	0	0.029593094944512947	0	0	0	0	0.499383477188656	0	0	0
112205	0	0	0	0	0	0	0.7859078590785908	0	0	0	0	0	0	0	0	0	0	0	0
112453	0	0	0	0	0	0	0.6104818583221348	0	0	0	0	0	0	0	0	0	0	0	0.12958341332309464
112293	0	0	0	0	0	0	0.5010964912280702	0	0	0	0	0	0	0	0.3574561403508772	0	0	0	0
112396	0	0	0	0	0	0	0	0.8118944203140661	0	0	0	0	0	0	0	0	0	0	0
112476	0	0	0	0	0	0	0	0.7573221757322176	0	0	0	0	0	0	0	0	0	0	0
112193	0	0	0	0	0	0	0	0.44438916921327554	0	0	0	0	0	0	0.43642953592495204	0	0	0	0
112222	0.14214876033057852	0	0	0	0	0	0	0	0	0	0	0	0	0	0	0.796694214876033	0	0	0
112408	0	0	0	0	0	0	0	0	0	0	0	0	0	0	0	0	0	0	0
112407	0	0	0	0	0	0	0	0	0	0	0	0	0	0	0	0	0	0	0
